2.775572395324707031e+01 -1.383676624298095703e+01
-3.536041736602783203e+00 -8.854118347167968750e+00
-6.905489444732666016e+00 8.538511276245117188e+00
-1.243947219848632812e+01 8.797568321228027344e+00
-1.391519737243652344e+01 6.093476340174674988e-02
1.184644603729248047e+01 -6.923481464385986328e+00
-8.092749595642089844e+00 -8.119005203247070312e+00
1.523406386375427246e+00 -1.953957366943359375e+01
1.684020423889160156e+01 1.166237735748291016e+01
5.778416156768798828e+00 -1.315888881683349609e+01
9.887901306152343750e+00 1.927261352539062500e+00
-1.880615615844726562e+01 -1.034937286376953125e+01
1.294264435768127441e+00 -6.133847236633300781e-01
-1.485173106193542480e+00 -1.044633674621582031e+01
3.661586761474609375e+00 -5.876494407653808594e+00
1.337513828277587891e+01 -1.441844177246093750e+01
-1.933745765686035156e+01 -2.220218658447265625e+00
5.792126178741455078e+00 -4.144211292266845703e+00
-2.133671998977661133e+00 7.945594310760498047e+00
4.403152465820312500e+00 -8.603569984436035156e+00
-1.564293575286865234e+01 8.487625122070312500e+00
7.315273284912109375e+00 -4.938296794891357422e+00
-1.080394268035888672e+01 2.241116523742675781e+00
-1.243735885620117188e+01 1.014854717254638672e+01
-4.997799873352050781e+00 -8.717303276062011719e+00
1.173269748687744141e+01 1.574485874176025391e+01
4.546365261077880859e+00 -7.284900665283203125e+00
1.316528224945068359e+01 1.234126853942871094e+01
1.258484745025634766e+01 1.070967292785644531e+01
-1.527988147735595703e+01 6.008752822875976562e+00
6.953966617584228516e-01 3.161293745040893555e+00
-1.409721374511718750e+01 -1.189938449859619141e+01
-1.086770629882812500e+01 3.142104148864746094e+00
-1.166141986846923828e+01 -3.250002384185791016e+00
6.257141590118408203e+00 -1.154460620880126953e+01
-2.215659523010253906e+01 4.760495185852050781e+00
-1.170654678344726562e+01 -2.397853612899780273e+00
-1.296119213104248047e+01 -1.297804832458496094e+01
1.834085083007812500e+01 -8.012288093566894531e+00
1.247577905654907227e+00 -1.509928941726684570e+00
-5.113824367523193359e+00 9.813635826110839844e+00
-3.095226287841796875e+00 2.187190800905227661e-01
4.236075878143310547e+00 -1.575314903259277344e+01
1.067185974121093750e+01 -1.046714401245117188e+01
1.372777652740478516e+01 -1.492423772811889648e+00
2.876235008239746094e+01 -1.500167560577392578e+01
1.730930924415588379e+00 -1.950981140136718750e+01
-9.508691787719726562e+00 7.664185166358947754e-01
-1.217824459075927734e+01 -6.980556488037109375e+00
-6.442090988159179688e+00 -1.363193225860595703e+01
1.172142791748046875e+01 -1.924360990524291992e+00
1.816737556457519531e+01 -7.137649059295654297e+00
1.250239372253417969e+01 -4.652656555175781250e+00
-1.285199165344238281e+01 1.760569000244140625e+01
7.909876346588134766e+00 -5.821095943450927734e+00
1.798010826110839844e+01 -6.631566524505615234e+00
1.241108036041259766e+01 -1.017354202270507812e+01
-1.201663589477539062e+01 7.854442119598388672e+00
-6.569989681243896484e+00 -1.545205211639404297e+01
-4.476233005523681641e+00 1.509764862060546875e+01
6.294960975646972656e+00 5.560294628143310547e+00
9.633543014526367188e+00 -1.395656967163085938e+01
2.016216659545898438e+01 -9.605361938476562500e+00
-8.777181625366210938e+00 7.450410842895507812e+00
7.819985151290893555e-01 1.296844100952148438e+01
-1.371516799926757812e+01 -1.245652294158935547e+01
-4.530132412910461426e-01 -1.378639221191406250e+00
6.641072750091552734e+00 1.816053009033203125e+01
-8.747534751892089844e+00 1.401985073089599609e+01
1.063631057739257812e+01 -1.041179180145263672e+01
2.158621788024902344e+01 7.782136440277099609e+00
-9.346007347106933594e+00 -1.117404747009277344e+01
-1.772283744812011719e+01 -4.345981776714324951e-02
1.142605590820312500e+01 1.593813133239746094e+01
-3.138831615447998047e+00 -7.206403732299804688e+00
-9.316731452941894531e+00 -2.608016729354858398e+00
-1.037748336791992188e+01 5.175821304321289062e+00
2.333394765853881836e+00 -4.186604976654052734e+00
-4.349905490875244141e+00 1.127285194396972656e+01
5.668145418167114258e-01 1.333182239532470703e+01
-1.164674520492553711e+00 -4.173965930938720703e+00
1.080342864990234375e+01 1.158409500122070312e+01
-3.742395877838134766e+00 8.667781829833984375e+00
-1.587385177612304688e+00 1.851864433288574219e+01
2.713196575641632080e-01 1.276864814758300781e+01
6.144351363182067871e-01 1.107227706909179688e+01
-5.868475437164306641e+00 5.772287845611572266e+00
-1.797390365600585938e+01 1.476556682586669922e+01
1.038310766220092773e+00 -3.667699575424194336e+00
1.321041488647460938e+01 4.723327636718750000e+00
-1.270542907714843750e+01 -6.333505630493164062e+00
1.223754215240478516e+01 2.101007938385009766e+00
8.219202995300292969e+00 -1.490092849731445312e+01
-2.283079147338867188e+00 -4.368078231811523438e+00
-9.430940628051757812e+00 1.352488613128662109e+01
8.788095474243164062e+00 -1.940921902656555176e+00
6.846531391143798828e+00 1.844471168518066406e+01
-1.856590270996093750e+01 -2.322579383850097656e+00
2.165775680541992188e+01 7.209297657012939453e+00
6.737606048583984375e+00 -1.232986831665039062e+01
2.168542861938476562e+00 8.483625203371047974e-02
-6.203518867492675781e+00 2.604855537414550781e+00
-1.494555282592773438e+01 1.605154609680175781e+01
-6.158963203430175781e+00 2.210317420959472656e+01
-4.815049171447753906e+00 1.692394614219665527e+00
-1.120911693572998047e+01 -3.600406646728515625e+00
1.168007946014404297e+01 -2.133966064453125000e+01
-1.392072200775146484e+00 1.023153901100158691e+00
1.028672814369201660e+00 -1.081516742706298828e+01
-7.858111381530761719e+00 -1.369056129455566406e+01
1.707465934753417969e+01 -6.529864788055419922e+00
1.462105846405029297e+01 1.351244258880615234e+01
-1.986861228942871094e+01 7.984804630279541016e+00
9.525817871093750000e+00 8.038747787475585938e+00
5.806289672851562500e+00 -1.893441772460937500e+01
-1.732513666152954102e+00 -4.703426837921142578e+00
-8.737954139709472656e+00 4.796722888946533203e+00
-2.727077722549438477e+00 -1.516280651092529297e+01
7.909014821052551270e-01 -9.077487945556640625e+00
-5.874156475067138672e+00 -3.634704589843750000e+00
1.145154953002929688e+00 7.127270221710205078e+00
-2.067378616333007812e+01 1.364880752563476562e+01
-1.691277122497558594e+01 -5.665097236633300781e+00
-4.451981544494628906e+00 -1.352428722381591797e+01
-4.086292743682861328e+00 -5.966910362243652344e+00
-1.440241622924804688e+01 6.861135959625244141e-01
-1.361771225929260254e+00 1.199800395965576172e+01
-1.882918548583984375e+01 -1.032092857360839844e+01
-6.165176391601562500e+00 2.206934165954589844e+01
7.488130569458007812e+00 4.657856941223144531e+00
7.405129909515380859e+00 -9.372392654418945312e+00
1.768687248229980469e+00 1.683633613586425781e+01
-3.419311761856079102e+00 -7.399059772491455078e+00
5.059009075164794922e+00 8.822923660278320312e+00
4.915740013122558594e+00 -3.605822324752807617e+00
1.629828071594238281e+01 7.557696819305419922e+00
1.648397254943847656e+01 1.184820079803466797e+01
1.281472682952880859e+01 1.126953220367431641e+01
8.539681434631347656e+00 7.952178001403808594e+00
7.248873710632324219e+00 2.573644876480102539e+00
2.176563978195190430e+00 -7.285748124122619629e-01
1.078057527542114258e+00 2.270019149780273438e+01
-5.089534819126129150e-02 -9.579916596412658691e-01
-4.636548519134521484e+00 2.710641384124755859e+00
1.859777641296386719e+01 -1.598485112190246582e+00
2.529877185821533203e+00 -1.106082057952880859e+01
5.754648447036743164e-01 -1.641005134582519531e+01
7.113370418548583984e+00 -1.358434963226318359e+01
2.054608345031738281e+00 1.332038593292236328e+01
6.445786952972412109e+00 9.228328704833984375e+00
-5.989681243896484375e+00 3.077771067619323730e-01
6.273124217987060547e+00 2.376648038625717163e-01
5.157461166381835938e+00 1.394696426391601562e+01
-1.162016963958740234e+01 9.746384620666503906e-01
-1.817506027221679688e+01 1.324112892150878906e+01
1.285290336608886719e+01 6.333000183105468750e+00
-9.195808410644531250e+00 -1.154441070556640625e+01
7.355538368225097656e+00 5.569606781005859375e+00
6.857833385467529297e+00 -4.491925716400146484e+00
-6.277350902557373047e+00 1.569201588630676270e+00
-2.635312080383300781e+00 -2.441614532470703125e+01
-7.775464057922363281e+00 8.089197158813476562e+00
-1.793018531799316406e+01 1.654034137725830078e+00
-1.505988693237304688e+01 -3.691575288772583008e+00
7.985735893249511719e+00 -2.474310636520385742e+00
3.208171606063842773e+00 4.285663604736328125e+00
1.238313293457031250e+01 -1.277234435081481934e+00
-1.412652492523193359e+01 1.513208103179931641e+01
-1.675866007804870605e+00 -1.993759918212890625e+01
-1.443511128425598145e+00 4.532531738281250000e+00
1.628540229797363281e+01 7.365240573883056641e+00
4.583475589752197266e+00 -1.618739891052246094e+01
-3.897355124354362488e-02 1.444124507904052734e+01
-3.824499130249023438e+00 -1.436678695678710938e+01
6.778510570526123047e+00 1.916819363832473755e-01
7.379958406090736389e-03 -2.016254663467407227e+00
2.966619729995727539e+00 1.882699131965637207e+00
-1.647756767272949219e+01 3.044815547764301300e-02
2.324656009674072266e+00 -9.085641860961914062e+00
1.899859428405761719e+01 -5.178610801696777344e+00
1.048342990875244141e+01 1.420057487487792969e+01
-4.638742446899414062e+00 -2.937861204147338867e+00
-8.875212669372558594e+00 -3.471283197402954102e+00
1.772393989562988281e+01 -8.745877265930175781e+00
-7.825833320617675781e+00 -1.664168000221252441e+00
6.499061584472656250e+00 -1.455362439155578613e+00
-1.738355827331542969e+01 1.596706676483154297e+01
-1.301697826385498047e+01 4.540125370025634766e+00
1.631168937683105469e+01 5.575913906097412109e+00
9.416552543640136719e+00 -1.568975830078125000e+01
1.637475013732910156e+01 1.098858237266540527e+00
1.158537483215332031e+01 -1.177221488952636719e+01
-1.806458711624145508e+00 -8.029587745666503906e+00
-1.423091793060302734e+01 1.655024147033691406e+01
-1.262512302398681641e+01 -1.947418022155761719e+01
-1.473049449920654297e+01 5.989606857299804688e+00
1.011713600158691406e+01 -4.956026554107666016e+00
3.948009252548217773e+00 5.210511684417724609e+00
-1.408140659332275391e+01 1.573876953125000000e+01
3.196247339248657227e+00 -1.446921825408935547e+01
-1.765930366516113281e+01 2.227910280227661133e+00
-3.322008609771728516e+00 8.326230049133300781e+00
6.708276748657226562e+00 -5.327284336090087891e+00
5.517967224121093750e+00 -7.922040939331054688e+00
1.083227157592773438e+00 2.272270393371582031e+01
-3.512337684631347656e+00 3.350010395050048828e+00
1.486344528198242188e+01 1.592680931091308594e+01
-1.869499778747558594e+01 -1.520135307312011719e+01
-4.669074535369873047e+00 6.263447284698486328e+00
-5.185523033142089844e+00 -8.519537925720214844e+00
1.875965309143066406e+01 -2.955592393875122070e+00
-5.361300110816955566e-01 8.641727447509765625e+00
6.171472072601318359e+00 1.868867111206054688e+01
-1.207204818725585938e+01 -1.359021186828613281e+01
-8.408313751220703125e+00 9.631096839904785156e+00
-5.417511463165283203e-01 -1.737715721130371094e+01
4.856675624847412109e+00 2.204398632049560547e+00
-8.372696876525878906e+00 -1.393593311309814453e+01
1.724239921569824219e+01 -9.993087768554687500e+00
7.866118431091308594e+00 -1.720985054969787598e+00
-4.842725694179534912e-01 -6.000457763671875000e+00
8.588041305541992188e+00 8.017671585083007812e+00
1.988793969154357910e+00 1.163364219665527344e+01
-1.612250685691833496e+00 7.391560077667236328e+00
1.168753242492675781e+01 -2.134420204162597656e+01
4.802229881286621094e+00 -1.325902271270751953e+01
1.174695968627929688e+00 -2.209788131713867188e+01
-5.262094974517822266e+00 1.515697669982910156e+01
-8.304289817810058594e+00 -7.527248382568359375e+00
6.812158584594726562e+00 1.089929008483886719e+01
3.758242726325988770e-01 1.792257785797119141e+00
2.878075218200683594e+01 -1.503771018981933594e+01
-6.736111640930175781e+00 -1.550494956970214844e+01
-1.088320159912109375e+01 -8.259892463684082031e+00
-1.031513786315917969e+01 1.336810708045959473e+00
-7.008935928344726562e+00 -1.895430374145507812e+01
1.327767014503479004e+00 -1.665108489990234375e+01
-2.995389461517333984e+00 7.904506921768188477e-01
1.525062847137451172e+01 -4.154040813446044922e+00
-2.524361133575439453e+00 1.436459159851074219e+01
-4.806941986083984375e+00 -1.251937484741210938e+01
1.095133686065673828e+01 -5.696397423744201660e-01
7.431739330291748047e+00 -7.145079612731933594e+00
-1.227847671508789062e+01 2.608304500579833984e+00
1.259657096862792969e+01 1.268615627288818359e+01
1.282334136962890625e+01 1.815260887145996094e+01
-1.734469032287597656e+01 2.422494173049926758e+00
-7.834965586662292480e-01 -1.281613922119140625e+01
-5.139092922210693359e+00 -4.205539703369140625e+00
9.380035400390625000e+00 1.269086265563964844e+01
-6.522216796875000000e+00 -5.167580127716064453e+00
-1.331158161163330078e+01 -1.849023818969726562e+01
-8.226677894592285156e+00 -1.927727818489074707e+00
-1.698124885559082031e+01 -5.947929859161376953e+00
-2.817072153091430664e+00 5.324152946472167969e+00
-7.152094364166259766e+00 -2.047426986694335938e+01
1.256549930572509766e+01 1.533960533142089844e+01
1.433101558685302734e+01 1.831317901611328125e+01
1.908017754554748535e+00 -9.457304000854492188e+00
-9.739730834960937500e+00 2.787566184997558594e+00
-1.010407924652099609e+01 3.604711294174194336e+00
-5.955925941467285156e+00 1.514078140258789062e+01
-5.388255596160888672e+00 1.106620121002197266e+01
-2.213130950927734375e+00 1.545159816741943359e+00
1.597778052091598511e-01 2.881563663482666016e+00
-1.658382606506347656e+01 9.114067077636718750e+00
-2.221069145202636719e+01 4.657665729522705078e+00
-1.105729579925537109e+01 -4.446384608745574951e-01
2.700284481048583984e+00 1.518943977355957031e+01
1.382182312011718750e+01 1.740947151184082031e+01
-8.993845939636230469e+00 -1.966876983642578125e+01
2.191526985168457031e+01 5.933790683746337891e+00
-2.595551013946533203e+00 -2.449744033813476562e+01
-1.813583946228027344e+01 -3.301904201507568359e+00
-3.103365004062652588e-01 1.756619691848754883e+00
-8.863710403442382812e+00 1.792495536804199219e+01
-1.241482162475585938e+01 -2.027208137512207031e+01
-1.846191406250000000e+01 -5.690621376037597656e+00
1.315233135223388672e+01 1.757267379760742188e+01
-7.609016418457031250e+00 9.671242713928222656e+00
-8.068018913269042969e+00 4.929823875427246094e+00
2.908087730407714844e+00 5.362587451934814453e+00
1.615124106407165527e+00 4.816029548645019531e+00
-9.528812408447265625e+00 -7.826130390167236328e+00
-3.895090341567993164e+00 -4.991859793663024902e-01
4.645874977111816406e+00 1.411400032043457031e+01
-3.947713851928710938e+00 -1.214582061767578125e+01
1.935755920410156250e+01 -7.720343112945556641e+00
3.082940101623535156e+00 6.758411407470703125e+00
2.851025819778442383e+00 -1.843190383911132812e+01
7.679423093795776367e-01 -1.544406318664550781e+01
6.589725971221923828e+00 -1.436591720581054688e+01
1.319928741455078125e+01 1.023787021636962891e+01
-1.850669670104980469e+01 1.443312168121337891e+01
7.065873146057128906e+00 -2.049613237380981445e+00
3.007483005523681641e+00 -3.219021558761596680e-01
4.034558773040771484e+00 -6.645733833312988281e+00
-1.063717746734619141e+01 -1.636747360229492188e+01
-1.076152706146240234e+01 -8.858072280883789062e+00
-5.862332344055175781e+00 5.535684108734130859e+00
1.971993255615234375e+01 -3.386129140853881836e+00
-2.323746681213378906e+00 -5.670123100280761719e+00
-7.803975343704223633e-01 1.641222763061523438e+01
-7.625649452209472656e+00 -1.843716239929199219e+01
-3.826561450958251953e+00 -1.683741569519042969e+01
2.051128387451171875e+00 -4.022194862365722656e+00
7.597133159637451172e+00 -6.836920976638793945e-01
3.748117923736572266e+00 5.767409324645996094e+00
9.046661376953125000e+00 -1.173070049285888672e+01
1.259070396423339844e+01 -1.454504013061523438e+01
1.904112052917480469e+01 1.067604637145996094e+01
8.567151069641113281e+00 -7.585366725921630859e+00
2.090217351913452148e+00 6.718910694122314453e+00
-1.478729343414306641e+01 -2.147198915481567383e+00
1.770577311515808105e+00 -6.598724842071533203e+00
2.640615701675415039e+00 1.571562576293945312e+01
-2.081996917724609375e+01 1.350741100311279297e+01
9.532480239868164062e+00 5.403084754943847656e+00
4.103734493255615234e+00 3.836691141128540039e+00
1.023793125152587891e+01 1.666838455200195312e+01
