5.277875423431396484e+00 3.105058431625366211e+00
-1.131181335449218750e+01 7.709226012229919434e-01
-1.046064281463623047e+01 4.071405410766601562e+00
6.005380153656005859e+00 -1.493041038513183594e+01
3.037318229675292969e+00 1.207845807075500488e+00
-1.251349925994873047e+01 1.571778869628906250e+01
-1.815403175354003906e+01 1.153871345520019531e+01
-9.903845787048339844e+00 1.952683830261230469e+01
1.846102714538574219e+01 -6.428113937377929688e+00
-8.224680900573730469e+00 4.302869319915771484e+00
-8.080897331237792969e+00 2.139144897460937500e+01
-1.427314472198486328e+01 1.713137245178222656e+01
-1.721131134033203125e+01 1.727306747436523438e+01
-1.395570850372314453e+01 1.508738613128662109e+01
1.205569028854370117e+00 -1.361412167549133301e+00
1.947142028808593750e+01 -6.151378631591796875e+00
-1.262733745574951172e+01 2.247291183471679688e+01
2.040230369567871094e+01 -9.126918792724609375e+00
6.328628063201904297e+00 -1.908211326599121094e+01
3.514339327812194824e-01 -5.465975284576416016e+00
8.324020385742187500e+00 -1.437989592552185059e+00
-1.342604827880859375e+01 2.044942092895507812e+01
4.171435356140136719e+00 -6.384937167167663574e-01
3.334241211414337158e-01 -5.250397205352783203e+00
7.808605194091796875e+00 -2.373994112014770508e+00
2.125420379638671875e+01 -7.342996597290039062e+00
-7.945056915283203125e+00 2.035804557800292969e+01
-1.432546329498291016e+01 2.185174560546875000e+01
-1.044790840148925781e+01 3.668961286544799805e+00
3.086635351181030273e+00 -6.486911296844482422e+00
-1.523496437072753906e+01 2.114501953125000000e+01
2.183687782287597656e+01 -6.537244319915771484e+00
5.613552093505859375e+00 -3.510730028152465820e+00
4.465915203094482422e+00 -7.865977287292480469e-01
-9.283639907836914062e+00 2.015423393249511719e+01
-1.356956005096435547e+01 1.147164821624755859e+01
6.092590808868408203e+00 3.329444527626037598e-01
4.465796470642089844e+00 -5.256044387817382812e+00
8.615372657775878906e+00 -1.827080726623535156e+01
-1.253420829772949219e+01 1.324913883209228516e+01
-1.440215587615966797e+01 1.208007574081420898e+00
4.066088199615478516e+00 -6.489739418029785156e+00
5.087581634521484375e+00 -1.739223670959472656e+01
-4.343206405639648438e+00 -4.101474761962890625e+00
7.304286003112792969e+00 -1.741704750061035156e+01
-1.183228111267089844e+01 1.747864913940429688e+01
7.219416618347167969e+00 -1.818137884140014648e+00
4.175067424774169922e+00 -1.199767303466796875e+01
-1.460808467864990234e+01 1.806654357910156250e+01
2.232802009582519531e+01 -1.002377033233642578e+01
9.270051002502441406e+00 2.570295572280883789e+00
1.834654998779296875e+01 -8.773376464843750000e+00
1.337584114074707031e+01 -6.465742111206054688e+00
-8.753087043762207031e+00 2.093105506896972656e+01
4.560449123382568359e+00 -1.261230945587158203e+01
2.146690750122070312e+01 -9.034733772277832031e+00
7.276037693023681641e+00 -1.548664760589599609e+01
-1.121953964233398438e+01 3.212504148483276367e+00
8.153990745544433594e+00 1.413559913635253906e+00
2.302664375305175781e+01 -7.254767894744873047e+00
-1.156347942352294922e+01 2.523176670074462891e+00
-9.516249656677246094e+00 1.350661182403564453e+01
2.106187438964843750e+01 -8.285095214843750000e+00
-8.427395820617675781e+00 1.920349502563476562e+01
1.021298122406005859e+01 1.977648735046386719e+00
-1.049619960784912109e+01 1.554140377044677734e+01
-5.975775718688964844e+00 1.494533824920654297e+01
2.609548807144165039e+00 -4.006569385528564453e+00
-8.335783004760742188e+00 1.911776733398437500e+01
1.904809570312500000e+01 -8.380993843078613281e+00
1.571540087461471558e-01 -8.213065147399902344e+00
1.027250671386718750e+01 -1.537835502624511719e+01
5.207649707794189453e+00 1.114249348640441895e+00
1.948111343383789062e+01 -7.578545093536376953e+00
3.910687923431396484e+00 -1.146372509002685547e+01
-1.240818023681640625e+01 -5.333296656608581543e-01
8.218531608581542969e+00 -6.184717655181884766e+00
-1.178584575653076172e+01 5.242699623107910156e+00
1.055152225494384766e+01 -1.491329765319824219e+01
-8.798081398010253906e+00 2.078311538696289062e+01
-1.134783649444580078e+01 1.633094215393066406e+01
2.330327510833740234e+00 -2.054344177246093750e+00
-1.255129528045654297e+01 1.995103478431701660e+00
2.158576393127441406e+01 -6.367070198059082031e+00
9.818048477172851562e+00 -1.864150047302246094e+01
1.780787229537963867e+00 -6.345829010009765625e+00
-9.683867454528808594e+00 1.995451545715332031e+01
1.870912361145019531e+01 -3.047303199768066406e+00
1.859166145324707031e+01 -5.351238250732421875e+00
-1.049968147277832031e+01 1.298933696746826172e+01
1.631336450576782227e+00 3.378507375717163086e+00
2.030386543273925781e+01 -6.586952686309814453e+00
-1.312253093719482422e+01 1.757071113586425781e+01
-1.376520729064941406e+01 4.314983844757080078e+00
1.784300613403320312e+01 -7.082725048065185547e+00
-1.458231639862060547e+01 5.588574409484863281e+00
8.887321472167968750e+00 -3.010465621948242188e+00
8.042037963867187500e+00 -6.121483325958251953e+00
-1.157316017150878906e+01 1.262163925170898438e+01
1.634851455688476562e+01 -8.633898735046386719e+00
-1.335694313049316406e+01 1.357137680053710938e+01
-1.177477359771728516e+01 1.928524971008300781e+01
3.306017160415649414e+00 -9.198591709136962891e-01
-2.595146179199218750e+00 9.580343961715698242e-01
1.965167236328125000e+01 -9.345192909240722656e+00
-1.655548095703125000e+01 1.385531425476074219e+01
-1.176380348205566406e+01 1.099861145019531250e+01
-9.197727203369140625e+00 1.209574794769287109e+01
-1.377632141113281250e+01 1.574466514587402344e+01
5.073333263397216797e+00 -1.955893898010253906e+01
1.746687698364257812e+01 -8.760105133056640625e+00
2.769197523593902588e-01 -4.276189327239990234e+00
-6.949285984039306641e+00 1.931471061706542969e+01
7.923288822174072266e+00 -4.705364704132080078e+00
-1.586093330383300781e+01 1.359323596954345703e+01
-1.257834434509277344e+01 2.039906883239746094e+01
-1.209067153930664062e+01 1.732566833496093750e+01
-6.577641010284423828e+00 1.624448585510253906e+01
-1.017883205413818359e+01 5.427174091339111328e+00
-1.186573147773742676e+00 -2.083067178726196289e+00
-9.488157272338867188e+00 6.559046268463134766e+00
1.780954933166503906e+01 -5.831087589263916016e+00
-6.202469825744628906e+00 1.807169151306152344e+01
-1.037659645080566406e+01 1.307509422302246094e+01
-1.414729976654052734e+01 1.219815254211425781e+01
3.447716951370239258e+00 -3.442721366882324219e+00
1.673031997680664062e+01 -6.994402408599853516e+00
8.393043518066406250e+00 -1.903473854064941406e+01
3.237947463989257812e+00 -9.582000732421875000e+00
-6.832085132598876953e+00 1.813564872741699219e+01
-7.395892620086669922e+00 1.274143981933593750e+01
-1.031756782531738281e+01 -1.106784701347351074e+00
-1.157982349395751953e+01 4.516954421997070312e+00
-1.556206893920898438e+01 1.668430519104003906e+01
9.976561546325683594e+00 -1.776065444946289062e+01
3.233831644058227539e+00 5.328752517700195312e+00
-1.022616672515869141e+01 1.731788635253906250e+01
1.907340168952941895e+00 6.149703979492187500e+00
1.262085199356079102e+00 -3.152385473251342773e+00
-1.656901168823242188e+01 8.982437133789062500e+00
2.832129716873168945e+00 5.477347850799560547e+00
-1.370656299591064453e+01 1.982287597656250000e+01
-1.215697574615478516e+01 2.312319946289062500e+01
8.284346580505371094e+00 4.367920756340026855e-01
3.928887605667114258e+00 -5.258876800537109375e+00
2.792939424514770508e+00 -3.686853885650634766e+00
8.761245727539062500e+00 -1.807038307189941406e+01
-1.266514205932617188e+01 1.888434219360351562e+01
4.279736518859863281e+00 -1.215532875061035156e+01
9.280679702758789062e+00 -1.721039772033691406e+01
-1.031531333923339844e+01 1.115368080139160156e+01
-1.244309544563293457e+00 -1.477673172950744629e+00
2.234287261962890625e+01 -9.771410942077636719e+00
3.634949922561645508e+00 -4.297350406646728516e+00
4.939952850341796875e+00 -1.555987477302551270e+00
1.915421485900878906e+01 -6.915191650390625000e+00
1.040470886230468750e+01 -1.537744522094726562e+01
-1.161777305603027344e+01 1.476172351837158203e+01
1.020528316497802734e+01 1.097411632537841797e+00
-1.202952623367309570e+00 -3.970313072204589844e+00
1.598338007926940918e+00 -6.465394496917724609e+00
6.396394729614257812e+00 -1.522138214111328125e+01
-1.064990425109863281e+01 2.553572893142700195e+00
1.966411828994750977e+00 -2.529990196228027344e+00
-1.016820240020751953e+01 1.521722507476806641e+01
-1.109492874145507812e+01 3.127548694610595703e+00
-1.337387084960937500e+01 1.674109840393066406e+01
-1.622981071472167969e+01 1.894808959960937500e+01
5.016625881195068359e+00 -1.739195251464843750e+01
-1.056741237640380859e+01 1.896760368347167969e+01
-1.278606986999511719e+01 1.164602279663085938e+01
-1.254110145568847656e+01 3.309522628784179688e+00
-1.333302783966064453e+01 2.843985795974731445e+00
-1.272735881805419922e+01 1.698105239868164062e+01
5.781912326812744141e+00 -1.992905616760253906e+01
-1.016583728790283203e+01 1.147069168090820312e+01
-2.632905244827270508e-01 -7.709712505340576172e+00
6.975925445556640625e+00 -7.589648723602294922e+00
-9.327520370483398438e+00 -1.601891040802001953e+00
3.814292907714843750e+00 -6.097043037414550781e+00
-1.377308845520019531e+01 1.369779872894287109e+01
2.021403884887695312e+01 -8.358836174011230469e+00
7.206258296966552734e+00 -3.429574251174926758e+00
6.695607662200927734e+00 -1.699089050292968750e+01
7.537524223327636719e+00 -1.687005805969238281e+01
-9.388379096984863281e+00 1.528445839881896973e+00
7.329191207885742188e+00 -2.192859411239624023e+00
2.130890369415283203e+00 -5.209451198577880859e+00
1.548616409301757812e+01 -4.874095439910888672e+00
-1.016632080078125000e+01 5.529700756072998047e+00
-4.462660551071166992e-01 -3.440517425537109375e+00
-8.588454246520996094e+00 1.522179985046386719e+01
-1.270741176605224609e+01 1.176226711273193359e+01
1.028157901763916016e+01 1.439647436141967773e+00
-1.280700111389160156e+01 2.228562736511230469e+01
1.802207374572753906e+01 -7.932201385498046875e+00
7.346583366394042969e+00 -1.812178993225097656e+01
-1.273598909378051758e+00 -4.816377639770507812e+00
-1.188137149810791016e+01 1.480675315856933594e+01
5.886748790740966797e+00 2.770502805709838867e+00
4.140942096710205078e+00 -2.986753940582275391e+00
6.952454566955566406e+00 -5.696391105651855469e+00
-9.995511054992675781e+00 1.475763893127441406e+01
3.979362010955810547e+00 5.314635634422302246e-01
7.584958076477050781e+00 -2.065040779113769531e+01
9.159962087869644165e-02 2.964307367801666260e-01
1.285273194313049316e+00 3.878142118453979492e+00
-1.093721580505371094e+01 1.866053390502929688e+01
4.791003704071044922e+00 -4.963382244110107422e+00
6.234618663787841797e+00 -7.370087623596191406e+00
-1.168220520019531250e+01 1.222184371948242188e+01
-1.444298505783081055e+00 -2.550812482833862305e+00
-9.918146133422851562e+00 -1.065643668174743652e+00
-6.995127677917480469e+00 1.974459266662597656e+01
1.010378456115722656e+01 1.987288832664489746e+00
1.678273773193359375e+01 -7.431764602661132812e+00
9.398358345031738281e+00 -1.714243888854980469e+01
4.202242851257324219e+00 -3.729110002517700195e+00
-1.002645206451416016e+01 1.516788959503173828e+01
-8.517699837684631348e-01 -4.677935600280761719e+00
-1.446125984191894531e+01 1.963573074340820312e+01
-6.409763336181640625e+00 2.402493238449096680e+00
-1.352940750122070312e+01 1.833648872375488281e+01
-6.468730926513671875e+00 1.619798278808593750e+01
1.016546630859375000e+01 -2.932652711868286133e+00
1.971030998229980469e+01 -7.495817184448242188e+00
2.717305183410644531e+00 -3.997609853744506836e+00
-9.885065078735351562e+00 1.850663948059082031e+01
-1.583615875244140625e+01 1.570929241180419922e+01
2.003830528259277344e+01 -4.572238445281982422e+00
1.992868423461914062e+01 -8.394014358520507812e+00
-1.532729816436767578e+01 1.610477447509765625e+01
7.059502601623535156e+00 -1.273876667022705078e+00
5.047123432159423828e+00 -5.067742466926574707e-01
-1.006697845458984375e+01 -4.724089801311492920e-01
-1.167935085296630859e+01 2.063402175903320312e+01
1.907394599914550781e+01 -5.764062881469726562e+00
-7.660314083099365234e+00 4.777972221374511719e+00
4.734004497528076172e+00 2.006331443786621094e+00
2.325827980041503906e+01 -7.524362087249755859e+00
-1.138689708709716797e+01 8.844001770019531250e+00
-2.609818696975708008e+00 -4.460173606872558594e+00
3.675503492355346680e+00 -1.552705001831054688e+01
-1.270913887023925781e+01 7.706595420837402344e+00
-1.266919231414794922e+01 1.640316390991210938e+01
-1.422385120391845703e+01 3.566369533538818359e+00
3.600444793701171875e-01 -2.704539775848388672e+00
-9.766037940979003906e+00 2.123523712158203125e+01
1.640821647644042969e+01 -8.597900390625000000e+00
-1.256434059143066406e+01 3.603579521179199219e+00
2.682517766952514648e+00 -5.051362514495849609e+00
2.066534233093261719e+01 -4.455035686492919922e+00
8.537940025329589844e+00 -1.653857994079589844e+01
1.498283743858337402e+00 -4.464419841766357422e+00
9.119367599487304688e+00 -1.537495422363281250e+01
1.820474863052368164e+00 -3.532121658325195312e+00
-1.263514995574951172e+01 1.714995002746582031e+01
3.358505487442016602e+00 -2.667949199676513672e+00
-9.337721824645996094e+00 1.542203426361083984e+00
5.760270595550537109e+00 -1.710535430908203125e+01
1.865039253234863281e+01 -8.344603538513183594e+00
-1.306138134002685547e+01 5.698648452758789062e+00
6.557900428771972656e+00 -1.514076805114746094e+01
8.635875701904296875e+00 -1.873062896728515625e+01
2.040467834472656250e+01 -5.039453983306884766e+00
-8.011341094970703125e+00 1.478281974792480469e+01
3.391406774520874023e+00 3.329992771148681641e+00
-6.598717689514160156e+00 1.234047508239746094e+01
-1.291235160827636719e+01 5.057039737701416016e+00
2.244870185852050781e+01 -7.716066837310791016e+00
8.174844741821289062e+00 1.257453083992004395e+00
-8.496670722961425781e+00 3.100892305374145508e+00
1.919377708435058594e+01 -4.946212291717529297e+00
-1.589085769653320312e+01 1.408978557586669922e+01
2.514473438262939453e+00 -5.512624263763427734e+00
6.003858566284179688e+00 -1.808670043945312500e+01
-1.157291030883789062e+01 1.199108505249023438e+01
9.843739509582519531e+00 -1.990118026733398438e+01
-1.457617568969726562e+01 3.358242034912109375e+00
9.001806259155273438e+00 -4.501973628997802734e+00
9.840225219726562500e+00 -5.420522212982177734e+00
5.863772392272949219e+00 -1.970090103149414062e+01
8.107864379882812500e+00 -1.966483879089355469e+01
2.400979757308959961e+00 9.427158236503601074e-01
1.004761028289794922e+01 -5.508579730987548828e+00
1.886829185485839844e+01 -1.068600940704345703e+01
2.508418560028076172e+00 5.683567523956298828e+00
-1.284847450256347656e+01 2.232629776000976562e+01
5.582804203033447266e+00 4.252521038055419922e+00
-1.185001277923583984e+01 4.517123222351074219e+00
4.719222068786621094e+00 -5.649837493896484375e+00
-1.318205928802490234e+01 2.271340179443359375e+01
3.799157589673995972e-02 -8.983545303344726562e+00
2.110543060302734375e+01 -5.021656036376953125e+00
-1.269110012054443359e+01 1.193858742713928223e+00
2.132229089736938477e+00 1.998264670372009277e+00
-8.471459388732910156e+00 1.806337738037109375e+01
4.121748447418212891e+00 2.095992088317871094e+00
2.064438056945800781e+01 -1.010239505767822266e+01
-1.044053459167480469e+01 1.750785255432128906e+01
1.751519966125488281e+01 -4.214993476867675781e+00
2.420913614332675934e-02 -4.231598377227783203e+00
7.432165145874023438e+00 -1.874096107482910156e+01
1.733238029479980469e+01 -9.638194084167480469e+00
7.982057571411132812e+00 -1.767266082763671875e+01
9.775308609008789062e+00 -1.539865612983703613e+00
2.182194519042968750e+01 -8.377757072448730469e+00
8.099274635314941406e+00 -4.056693553924560547e+00
-1.122647285461425781e+01 1.737839698791503906e+00
-9.908312797546386719e+00 6.154765129089355469e+00
-1.164671897888183594e+01 3.134083271026611328e+00
-1.473788452148437500e+01 1.184036064147949219e+01
-9.223563194274902344e+00 1.067195510864257812e+01
2.214211463928222656e+00 -2.515494823455810547e+00
6.299424171447753906e+00 -2.254851818084716797e+00
-9.543737411499023438e+00 3.479144334793090820e+00
6.345827102661132812e+00 -1.728333282470703125e+01
7.185452461242675781e+00 -4.335744380950927734e+00
-8.782562255859375000e+00 1.653433227539062500e+01
-3.633281290531158447e-01 -7.925179958343505859e+00
