1.741845184713602066e+02
1.436145264953374863e+02
1.331009105471894145e+02
1.365031313225626945e+02
1.255051405727863170e+02
1.670830265805125237e+02
1.916339573413133621e+02
1.247372144311666489e+02
1.501604202650487423e+02
1.444483609795570374e+02
1.836406803429126740e+02
1.309926913380622864e+02
1.452245999015867710e+02
1.522214652374386787e+02
1.401526406779885292e+02
1.755748699605464935e+02
1.570954587012529373e+02
1.610222510248422623e+02
1.100567868743091822e+02
1.645378932282328606e+02
1.827246236782521009e+02
1.290673559606075287e+02
1.378489053808152676e+02
1.884907428734004498e+02
1.488181964457035065e+02
1.422618183642625809e+02
1.193517696708440923e+02
1.428233793526887894e+02
1.381489084288477898e+02
1.574391026869416237e+02
1.063916313648223877e+02
1.588425017781555653e+02
1.441207465678453445e+02
1.470885057747364044e+02
1.578998304903507233e+02
1.461263548256829381e+02
1.381797292418777943e+02
1.495159225910902023e+02
1.142336087580770254e+02
8.752978159487247467e+01
1.300163909867405891e+02
1.661059660464525223e+02
1.632806817814707756e+02
1.257362942378968000e+02
1.576778793707489967e+02
1.567035671249032021e+02
1.748348466008901596e+02
1.265477768182754517e+02
1.736526144593954086e+02
1.067671338878571845e+02
1.087844440825283385e+02
1.419240654408931732e+02
1.721477909311652184e+02
1.667045564725995064e+02
1.495185383185744286e+02
1.615091539993882179e+02
1.635528636798262596e+02
1.416427600570023060e+02
1.428010147400200367e+02
1.163408253006637239e+02
1.668264893665909767e+02
1.649955242872238159e+02
1.468761794343590736e+02
1.473900454118847847e+02
1.176093011386692524e+02
1.195810216441750526e+02
1.433890364691615105e+02
1.440273644365370274e+02
1.708738163858652115e+02
1.130291124656796313e+02
1.837816689535975456e+02
1.521577711030840874e+02
1.073672933690249920e+02
1.101169104129076146e+02
1.273304479122161865e+02
1.655711114034056664e+02
1.610280293375253677e+02
9.688398768007755280e+01
1.621198492124676704e+02
1.569500045105814934e+02
9.833879196085035801e+01
1.864265592023730278e+02
1.133339722119271755e+02
1.507851190268993378e+02
1.148731209412217140e+02
1.560102385822683573e+02
1.460280790403485298e+02
1.649592410996556282e+02
1.277871453315019465e+02
1.713150245472788811e+02
1.696711675301194191e+02
1.382050679363310337e+02
1.547917638458311558e+02
1.280650814585387707e+02
1.407179275006055832e+02
1.164968586079776287e+02
1.614790783077478409e+02
1.426968078315258026e+02
1.714439317882061005e+02
1.753692943900823593e+02
1.136988367587327957e+02
1.377718466520309448e+02
1.555357252359390259e+02
2.003244653642177866e+02
1.516167466342449188e+02
1.496938502267003059e+02
1.457135856151580811e+02
1.404310667887330055e+02
1.602814758531749249e+02
1.411314125582575798e+02
1.474089415967464447e+02
1.843591814041137695e+02
1.146197758242487765e+02
1.604632666632533073e+02
1.604730334728956223e+02
1.410865079574286938e+02
1.349092961624264717e+02
1.460067324899137020e+02
1.273228789195418358e+02
1.433440995141863823e+02
1.412604342028498650e+02
1.483006855398416519e+02
1.486554030030965805e+02
1.231229016259312630e+02
1.160405565649271153e+02
1.427608535066246986e+02
1.249580432325601720e+02
1.830560538582503796e+02
1.391373683512210846e+01
9.689048290252685547e+00
1.174855901300907135e+01
1.990444581210613251e+01
1.000990013405680656e+01
1.726026032119989395e+01
8.825429484248161316e+00
2.005259529501199722e+01
1.723459628969430923e+01
1.309648358821868896e+01
9.506200134754180908e+00
1.044641029834747314e+01
6.874035384505987167e+00
8.457393348217010498e+00
7.859034627676011020e+00
8.728443101048469543e+00
1.079603005200624466e+01
1.313584481179714203e+01
1.785867171362042427e+01
1.188683304935693741e+01
1.766009462624788284e+01
1.768584721535444260e+01
1.111672045290470123e+01
5.728668518364429474e+00
2.183463663235306740e+01
1.089311771094799042e+01
1.315966896712779999e+01
1.372028747200965881e+01
1.379977674782276154e+01
8.790663540363311768e+00
9.004594543948769569e+00
7.839099057018756866e+00
1.343470049649477005e+01
1.106555840000510216e+01
1.538288731873035431e+01
1.470428086817264557e+01
7.762735277414321899e+00
9.024044331163167953e+00
1.239558810368180275e+01
1.312357223778962911e+01
2.115190882980823517e+01
1.065260774642229080e+01
2.054210408031940460e+01
1.374819218367338358e+01
1.015198400616645813e+01
1.082077317684888840e+01
6.147840663790702820e+00
9.416847243905067444e+00
9.933823935687541962e+00
1.670488705486059189e+01
1.101640061289072037e+01
1.405971915274858475e+01
1.288038286566734136e+01
1.018100570142269135e+01
1.841418629139661789e+01
1.812542127072811127e+01
1.111647091060876846e+01
9.070471929386258125e+00
1.433516238629818140e+01
9.469337217509746552e+00
1.731927453726530075e+01
2.835855218768119812e+01
2.219250277429819107e+01
1.745500300079584122e+01
1.489461427778005600e+02
1.572509155236184597e+02
1.575726558789610863e+02
1.233898396268487119e+02
1.708354398459196091e+02
1.436591743528842926e+02
1.219366789609193802e+02
1.160996468625962876e+02
1.610950580164790154e+02
1.171647613681852818e+02
1.457799217887222767e+02
1.562331146523356438e+02
1.184699327945709229e+02
1.527668703943490982e+02
1.472656263634562492e+02
1.774154846072196960e+02
1.381723695807158947e+02
1.262706170864403248e+02
1.320269690826535225e+02
1.438448445945978165e+02
1.770037875995039940e+02
1.678253458663821220e+02
1.363781303167343140e+02
1.827795257717370987e+02
1.589686871953308582e+02
1.893948057442903519e+02
1.447040082439780235e+02
1.169545844569802426e+02
1.313222527839243412e+02
1.413852442651987076e+02
1.325853241831064224e+02
1.321762721054255962e+02
1.453961170576512814e+02
1.182003800123929977e+02
2.255948596894741343e+02
1.306984071880578995e+02
9.847634868696331978e+01
1.783079295344650745e+02
1.281979514472186565e+02
1.621726274192333221e+02
1.805817505717277527e+02
1.123275826573372029e+02
1.312333352230489254e+02
1.676437190249562263e+02
1.894602411687374115e+02
1.388822694234549999e+02
1.594006399437785149e+02
1.541038742959499359e+02
1.121811026707291603e+02
1.237517516985535622e+02
1.153544702678918696e+02
1.384260521121323109e+02
1.738815520182251930e+02
1.639642136767506599e+02
1.356969881430268288e+02
1.471000687703490257e+02
1.596616180986166000e+02
1.536776456907391548e+02
1.500959229543805122e+02
1.325732449591159821e+02
1.206549151763319969e+02
1.509177419245243073e+02
1.283650019839406013e+02
1.978915395215153694e+02
1.414140415452420712e+02
1.540031984038650990e+02
1.318400596827268600e+02
1.438545660674571991e+02
1.370223476812243462e+02
1.310302288159728050e+02
1.795737315490841866e+02
1.489357113540172577e+02
1.401067593321204185e+02
1.521381247863173485e+02
1.920269467011094093e+02
1.157154881209135056e+02
1.658645043671131134e+02
1.212582824863493300e+02
1.456749519556760788e+02
1.543107828143984079e+02
1.469757887348532677e+02
1.643547305762767792e+02
1.196993047893047333e+02
1.672246261574327946e+02
1.318345041126012802e+02
1.309003882184624672e+02
1.408878082409501076e+02
1.291846851855516434e+02
1.229956282153725482e+02
1.506369986683130264e+02
1.384515481777489185e+02
1.511112453937530518e+02
1.566732635796070099e+02
1.190795000120997429e+02
1.363477749973535538e+02
1.415953806824982166e+02
1.404854450747370720e+02
1.449926081821322441e+02
1.671545140072703362e+02
1.245948682874441005e+02
1.329326696544885635e+02
1.267841578423976898e+02
1.506579328551888466e+02
1.698667757585644722e+02
1.136769829057157040e+02
1.901009082235395908e+02
1.608338551446795464e+02
1.184910154305398322e+02
1.647309188768267632e+02
1.439972357787191868e+02
1.834355847612023354e+02
1.845383260399103165e+02
1.822143160328269005e+02
1.514801855236291885e+02
1.506330094076693058e+02
1.151459029503166533e+02
1.351184440404176712e+02
1.803585343956947327e+02
1.708248410001397133e+02
1.620795120894908905e+02
7.975482787564396858e+01
1.552743291929364204e+02
1.425667388774454594e+02
1.563677099570631981e+02
1.777353914789855480e+02
2.027510176450014114e+02
1.296342807114124298e+02
1.679631164297461510e+02
