9.981704711914062500e+01 -1.893448948860168457e+00 2.072528076171875000e+01
3.649285888671875000e+01 -5.463467121124267578e+00 1.829705047607421875e+01
1.860394287109375000e+01 -7.989520263671875000e+01 4.812177658081054688e+01
4.632349777221679688e+01 -8.353843688964843750e-01 4.366688156127929688e+01
1.583555698394775391e+01 -3.388431930541992188e+01 5.075672149658203125e+01
6.161027145385742188e+01 4.890618133544921875e+01 -1.542781734466552734e+01
6.538166809082031250e+01 -3.631449890136718750e+01 1.190392112731933594e+01
4.682896804809570312e+01 2.960581207275390625e+01 -6.416706848144531250e+01
1.154897079467773438e+02 -3.820868682861328125e+01 -2.769947797060012817e-02
5.041614151000976562e+01 5.740971755981445312e+01 -2.366851425170898438e+01
4.893753051757812500e+01 -4.346048355102539062e+01 -5.039379119873046875e+01
2.133232688903808594e+01 3.257347106933593750e+01 -1.817975997924804688e+01
7.760762023925781250e+01 1.756749153137207031e+01 1.210413742065429688e+01
3.282001256942749023e+00 5.564918518066406250e+01 -4.068222427368164062e+01
6.067718124389648438e+01 2.757475471496582031e+01 -7.157149505615234375e+01
4.454528045654296875e+01 -7.477981567382812500e+01 1.784333419799804688e+01
4.130688858032226562e+01 4.581101894378662109e+00 6.584376335144042969e+00
6.101920318603515625e+01 -2.926171302795410156e+01 5.998474884033203125e+01
3.505851745605468750e+01 5.855647277832031250e+01 4.109457397460937500e+01
9.035671997070312500e+01 5.254532623291015625e+01 -3.451913452148437500e+01
7.845216274261474609e+00 -6.291658878326416016e+00 -6.255748367309570312e+01
6.448109436035156250e+01 1.023754024505615234e+01 6.796083831787109375e+01
3.433758163452148438e+01 -5.982741165161132812e+01 1.311160945892333984e+01
9.687445831298828125e+01 4.985305023193359375e+01 -1.194820213317871094e+01
8.615018463134765625e+01 4.214412307739257812e+01 -4.980290889739990234e+00
1.035349082946777344e+01 2.726868057250976562e+01 3.579870223999023438e+01
9.677962493896484375e+01 -5.968727874755859375e+01 2.601098060607910156e+01
6.216611480712890625e+01 2.591279983520507812e+01 -1.953489112854003906e+01
2.620016670227050781e+01 -3.060354232788085938e+01 -3.604807138442993164e+00
-2.088159942626953125e+01 5.403799438476562500e+01 -2.645623016357421875e+01
6.708969879150390625e+01 3.934601974487304688e+01 -3.976686716079711914e+00
1.773934364318847656e+01 6.340196228027343750e+01 9.698145866394042969e+00
7.384432983398437500e+01 -4.911319732666015625e+00 -2.055364608764648438e+01
6.835849761962890625e+01 1.392555427551269531e+01 7.818712234497070312e+00
1.277092361450195312e+01 3.841847610473632812e+01 2.243856811523437500e+01
5.429319000244140625e+01 4.502860260009765625e+01 9.704187393188476562e+00
2.920688629150390625e+01 4.998717498779296875e+01 4.623025894165039062e+01
2.662459754943847656e+01 -1.690437507629394531e+01 -3.923621654510498047e+00
7.572496032714843750e+01 -3.168212127685546875e+01 5.059708786010742188e+01
-1.766233563423156738e+00 -6.670776367187500000e+01 2.423462486267089844e+01
6.699033355712890625e+01 1.692365837097167969e+01 -3.499903488159179688e+01
3.535688400268554688e+01 -3.878922271728515625e+01 8.247541046142578125e+01
2.927303504943847656e+01 9.546838760375976562e+00 -2.348863410949707031e+01
2.336673545837402344e+01 2.087908554077148438e+01 6.009562683105468750e+01
4.992455291748046875e+01 -5.943537139892578125e+01 -1.520592117309570312e+01
3.289183044433593750e+01 2.630329513549804688e+01 -8.509543609619140625e+01
5.401866149902343750e+01 5.405094909667968750e+01 -4.641924381256103516e+00
4.937626647949218750e+01 -2.822119140625000000e+01 7.417977905273437500e+01
3.054923439025878906e+01 -4.071576690673828125e+01 4.357704544067382812e+01
7.140666198730468750e+01 -1.908242225646972656e+01 -1.123253822326660156e+01
2.712606430053710938e+01 4.514972209930419922e+00 3.667388534545898438e+01
2.476548767089843750e+01 -5.091082000732421875e+01 -3.261012268066406250e+01
3.638656997680664062e+01 2.463967132568359375e+01 2.585653877258300781e+01
3.823566818237304688e+01 -4.007630920410156250e+01 1.145171260833740234e+01
8.888003349304199219e+00 7.657921600341796875e+01 -4.971458435058593750e+01
6.485102081298828125e+01 -3.428932189941406250e+01 7.915544891357421875e+01
2.419370269775390625e+01 6.421364593505859375e+01 -4.350407409667968750e+01
7.769178009033203125e+01 4.655111694335937500e+01 -1.659446525573730469e+01
2.298258781433105469e+00 -3.727566528320312500e+01 9.879782676696777344e+00
2.006526663899421692e-02 2.815557289123535156e+01 3.648293304443359375e+01
4.469746112823486328e+00 -1.145336914062500000e+01 4.716069412231445312e+01
7.167043304443359375e+01 -7.247186183929443359e+00 3.937474441528320312e+01
7.682487487792968750e+01 3.778417968750000000e+01 1.303326225280761719e+01
3.189425277709960938e+01 1.221117401123046875e+01 -5.853918457031250000e+01
9.001691436767578125e+01 -6.247620391845703125e+01 1.681167030334472656e+01
5.714373111724853516e+00 -4.422773361206054688e+01 1.767906188964843750e+01
2.903235054016113281e+01 -3.191823196411132812e+01 8.801877593994140625e+01
1.366760134696960449e+00 1.184102725982666016e+01 -4.131256866455078125e+01
-4.214974880218505859e+00 5.356509780883789062e+01 -2.603790283203125000e+01
3.161099433898925781e+01 -7.956522369384765625e+01 8.453042030334472656e+00
2.053206634521484375e+01 -1.250253200531005859e+01 -7.408166503906250000e+01
1.041225509643554688e+02 -4.533044052124023438e+01 2.786339759826660156e+01
1.713167381286621094e+01 -4.437542343139648438e+01 -1.718573093414306641e+00
6.003781509399414062e+01 -6.282704162597656250e+01 -7.183159351348876953e+00
4.494095230102539062e+01 -2.070236968994140625e+01 5.129732513427734375e+01
1.588474988937377930e+00 3.973660659790039062e+01 -5.298516464233398438e+01
8.814689636230468750e+01 -4.595944595336914062e+01 3.778120040893554688e+01
3.333660125732421875e+01 -3.570648956298828125e+01 -2.518544006347656250e+01
5.527063846588134766e+00 -5.736167144775390625e+01 -1.930150985717773438e+01
1.060805740356445312e+02 -2.328482437133789062e+01 1.049132823944091797e+01
7.100961303710937500e+01 1.216681480407714844e+01 5.538390731811523438e+01
6.788848114013671875e+01 -5.772688865661621094e+00 6.927621459960937500e+01
1.375736904144287109e+01 3.194491386413574219e+00 -7.597158813476562500e+01
2.053774642944335938e+01 -2.710921287536621094e+01 -1.706474304199218750e+01
5.486099243164062500e+01 -3.097875785827636719e+01 -4.606541824340820312e+01
1.978078460693359375e+01 -2.326023292541503906e+01 -6.109705734252929688e+01
6.106683731079101562e+00 1.969331932067871094e+01 5.526424789428710938e+01
6.053036499023437500e+01 -9.574473381042480469e+00 -1.786185264587402344e+01
7.224604797363281250e+01 5.611766433715820312e+01 -2.541414070129394531e+01
8.220917510986328125e+01 6.947996616363525391e-01 6.049490737915039062e+01
1.122473907470703125e+02 -2.817746353149414062e+01 4.395940017700195312e+01
5.786417007446289062e+01 -6.271710586547851562e+01 -5.142160415649414062e+01
5.438029479980468750e+01 2.382452011108398438e+01 -6.058008575439453125e+01
2.051168441772460938e+01 -3.251196670532226562e+01 1.844321250915527344e+01
1.153095474243164062e+02 -1.104096221923828125e+01 1.438098526000976562e+01
5.254070281982421875e+01 -7.699543476104736328e+00 9.132281494140625000e+01
5.839204025268554688e+01 1.115800189971923828e+01 7.934757995605468750e+01
3.360149383544921875e+01 -1.628926467895507812e+01 -4.906229782104492188e+01
-1.495768070220947266e+01 5.867509460449218750e+01 -7.100840568542480469e+00
5.742668151855468750e+01 -2.889966392517089844e+01 4.528337097167968750e+01
3.722434616088867188e+01 -1.645755577087402344e+01 1.745413589477539062e+01
-8.665635108947753906e+00 4.353776168823242188e+01 -1.335187816619873047e+01
3.846836090087890625e+01 -3.112034606933593750e+01 -1.063391399383544922e+01
-2.407891988754272461e+00 2.478948354721069336e+00 6.660835266113281250e+01
5.164115905761718750e+01 -2.188305091857910156e+01 -7.854041290283203125e+01
-6.601638031005859375e+01 -1.952849388122558594e+01 1.402394256591796875e+02
-3.288104295730590820e+00 -2.472465133666992188e+01 4.074760818481445312e+01
-1.013212280273437500e+02 -4.446508407592773438e+01 -2.682379961013793945e+00
1.881666946411132812e+01 -6.148010253906250000e+01 -7.220053863525390625e+01
2.547657585144042969e+01 -1.218329906463623047e+00 5.682699203491210938e+00
1.553942680358886719e+01 2.501723098754882812e+01 -8.342672729492187500e+01
1.495093917846679688e+01 1.352258205413818359e+01 5.499387741088867188e+01
6.841032409667968750e+01 -4.430496597290039062e+01 3.680294275283813477e+00
8.044365692138671875e+01 1.649232268333435059e+00 -2.592936754226684570e+00
9.701308250427246094e+00 -1.021824455261230469e+01 -3.617366409301757812e+01
5.474325180053710938e+01 1.829278755187988281e+01 5.555827713012695312e+01
2.516325569152832031e+01 4.999892807006835938e+01 5.926692199707031250e+01
-2.521653366088867188e+01 1.134586238861083984e+01 8.997013092041015625e+01
7.061288452148437500e+01 -1.080891704559326172e+01 7.982883453369140625e+00
4.574164962768554688e+01 -9.377206802368164062e+00 -6.398643112182617188e+01
2.198176383972167969e+01 -2.058706045150756836e+00 -5.560919189453125000e+01
1.981491279602050781e+01 5.685129547119140625e+01 -1.684757995605468750e+01
9.021888732910156250e+01 -1.934892845153808594e+01 7.456769943237304688e+00
6.717747497558593750e+01 -1.375254869461059570e+00 5.492354202270507812e+01
5.340023422241210938e+01 2.718389320373535156e+01 -3.529184579849243164e+00
8.232517242431640625e+00 6.813337707519531250e+01 -5.498914337158203125e+01
-4.041014862060546875e+01 -4.262286376953125000e+01 1.044008178710937500e+02
2.698698425292968750e+01 3.673471069335937500e+01 8.555836677551269531e+00
-9.897074127197265625e+01 -2.639198112487792969e+01 -1.471556854248046875e+01
1.045617752075195312e+02 -5.480287075042724609e+00 1.039512729644775391e+01
7.472544193267822266e+00 -3.356684875488281250e+01 -1.735855102539062500e+01
5.990970611572265625e+01 6.442418670654296875e+01 -1.198176288604736328e+01
4.125455856323242188e+01 1.093632125854492188e+01 -6.993928527832031250e+01
4.549768066406250000e+01 -2.084481811523437500e+01 8.509477233886718750e+01
1.886090850830078125e+01 -2.908970642089843750e+01 2.929465484619140625e+01
9.842039489746093750e+01 -5.975800704956054688e+01 8.113313674926757812e+00
8.101073455810546875e+01 1.457005214691162109e+01 7.107723999023437500e+01
6.786022949218750000e+01 1.827174901962280273e+00 -5.180412292480468750e+00
4.030242919921875000e+00 -6.214505767822265625e+01 1.348645019531250000e+01
9.658550262451171875e+01 -6.840508460998535156e+00 6.322723007202148438e+01
3.720341491699218750e+01 3.387396574020385742e+00 -9.990166473388671875e+01
1.101292877197265625e+02 1.493804645538330078e+01 -3.331038665771484375e+01
9.540931701660156250e+01 -2.706997680664062500e+01 3.382366180419921875e+01
3.914905548095703125e+01 -5.609975051879882812e+01 2.793597412109375000e+01
7.270542907714843750e+01 5.480683326721191406e+00 3.521692276000976562e+01
7.073492431640625000e+01 -3.098555183410644531e+01 -1.486245822906494141e+01
6.482491016387939453e+00 4.675712585449218750e+01 2.471722412109375000e+01
6.752233123779296875e+01 -2.613427925109863281e+01 8.999539947509765625e+01
2.278522014617919922e+00 4.812822818756103516e+00 -3.208472061157226562e+01
2.755800628662109375e+01 -5.069263839721679688e+01 4.630332565307617188e+01
1.066656799316406250e+02 -1.184535408020019531e+01 2.474707984924316406e+01
6.575626373291015625e+01 3.579727172851562500e+01 1.257333087921142578e+01
1.697662162780761719e+01 -2.847714233398437500e+01 -6.995417785644531250e+01
8.341571807861328125e+01 -3.519736528396606445e+00 4.494413757324218750e+01
3.240560150146484375e+01 -1.300750160217285156e+01 2.790049362182617188e+01
4.190372467041015625e+01 -7.063405513763427734e+00 8.143758392333984375e+01
2.018018150329589844e+01 -3.547673797607421875e+01 -3.507011795043945312e+01
1.070010185241699219e+01 -7.328321838378906250e+01 2.038785362243652344e+01
2.642511177062988281e+01 -7.567106628417968750e+01 -1.363234996795654297e+01
4.111552429199218750e+01 -3.661848068237304688e+01 2.224946784973144531e+01
1.021508026123046875e+02 5.252166271209716797e+00 -1.774680900573730469e+01
1.952211952209472656e+01 -5.995951652526855469e+00 7.234971618652343750e+01
5.535182571411132812e+01 -6.575251579284667969e+00 4.239172744750976562e+01
3.636115646362304688e+01 -4.842053985595703125e+01 -1.051160573959350586e+00
4.978512763977050781e+00 2.754578399658203125e+01 1.506062698364257812e+01
8.952574157714843750e+01 5.232229232788085938e+01 7.105875968933105469e+00
4.308626174926757812e+01 1.764821815490722656e+01 1.135441131591796875e+02
1.527793121337890625e+01 1.585133361816406250e+01 1.490597152709960938e+01
8.606060028076171875e+01 -1.765534210205078125e+01 2.024446487426757812e+01
9.607508850097656250e+01 -3.117948722839355469e+01 -1.009324455261230469e+01
1.505418395996093750e+01 2.341078948974609375e+01 -3.950124359130859375e+01
4.842203521728515625e+01 -7.196801757812500000e+01 -1.380747985839843750e+01
9.549024200439453125e+01 3.161195564270019531e+01 -3.839383125305175781e+00
1.709531307220458984e+00 7.616912841796875000e+01 -1.272929608821868896e-01
1.052523880004882812e+02 -3.964525222778320312e+01 9.867232322692871094e+00
3.867016983032226562e+01 3.118946838378906250e+01 -3.900772476196289062e+01
1.072624492645263672e+01 4.176269149780273438e+01 -1.760324287414550781e+01
4.867091369628906250e+01 -6.907453536987304688e+00 2.309840774536132812e+01
6.192562103271484375e+01 6.014337539672851562e+00 -7.678480529785156250e+01
3.644053697586059570e+00 2.284053421020507812e+01 -2.343806076049804688e+01
8.572228431701660156e+00 3.504797458648681641e+00 2.414436340332031250e+01
-2.247159194946289062e+01 3.998249816894531250e+01 -2.600484466552734375e+01
7.429678344726562500e+01 -2.064480972290039062e+01 7.009950256347656250e+01
2.909195899963378906e+01 -5.349489212036132812e+01 -1.827597236633300781e+01
6.373193359375000000e+01 5.359715270996093750e+01 9.268450736999511719e+00
6.922279000282287598e-01 3.974440383911132812e+01 -2.711341476440429688e+01
5.376252365112304688e+01 4.546498775482177734e+00 5.874473571777343750e+01
8.073229217529296875e+01 3.821753692626953125e+01 -2.783288002014160156e+01
1.389734268188476562e+01 1.265512275695800781e+01 -6.137707138061523438e+01
5.635792922973632812e+01 -1.288882923126220703e+01 5.973070907592773438e+01
4.659546661376953125e+01 9.983834266662597656e+00 -5.005429840087890625e+01
1.326589965820312500e+02 -1.527314662933349609e+01 7.692461967468261719e+00
-8.033232879638671875e+01 -3.200833892822265625e+01 -6.983014678955078125e+01
7.651901245117187500e+01 -1.693666815757751465e+00 8.018708801269531250e+01
2.124925994873046875e+01 7.091090393066406250e+01 -1.204928970336914062e+01
3.773626327514648438e+01 -2.711949348449707031e+01 -7.372592926025390625e+01
7.292305755615234375e+01 6.217855453491210938e+01 -4.246179103851318359e+00
-4.182827174663543701e-01 7.592232513427734375e+01 -2.629886245727539062e+01
3.619293212890625000e+01 -3.637026548385620117e+00 -4.577493286132812500e+01
2.766275787353515625e+01 -4.471847534179687500e+00 -9.161739349365234375e+01
9.202722167968750000e+01 3.744393539428710938e+01 -2.072165107727050781e+01
2.418931388854980469e+01 4.971911239624023438e+01 2.307514190673828125e+01
1.899944114685058594e+01 1.512932682037353516e+01 -3.839313268661499023e+00
1.116173400878906250e+02 1.675657844543457031e+01 -1.781941986083984375e+01
-3.502089262008666992e+00 6.747078704833984375e+01 -1.711069869995117188e+01
4.733519744873046875e+01 3.280671310424804688e+01 -2.786368560791015625e+01
1.121881256103515625e+02 -2.651120376586914062e+01 2.119380950927734375e+01
-5.638214945793151855e-01 -7.118421936035156250e+01 6.717077732086181641e+00
9.962789916992187500e+01 4.373497009277343750e+01 1.947511434555053711e+00
2.631633567810058594e+01 5.149547576904296875e+00 2.479286956787109375e+01
4.193469619750976562e+01 2.913933277130126953e+00 6.112979888916015625e+01
4.640573883056640625e+01 -5.614447593688964844e+00 -8.048302459716796875e+01
3.047758865356445312e+01 3.859862685203552246e-01 -1.412876033782958984e+01
9.996607780456542969e+00 3.486853837966918945e+00 -9.240486907958984375e+01
-2.789431571960449219e+01 3.779601669311523438e+01 -3.544089126586914062e+01
7.902239227294921875e+01 -1.906933212280273438e+01 -2.175690078735351562e+01
5.790773010253906250e+01 -2.806224441528320312e+01 -8.202014923095703125e+00
-3.004879760742187500e+01 1.024506835937500000e+02 6.738694190979003906e+00
4.855626678466796875e+01 1.175637435913085938e+01 -8.356814575195312500e+01
8.109729766845703125e+01 -4.016216278076171875e+01 5.954839324951171875e+01
3.824724578857421875e+01 4.468713760375976562e+01 -6.432777404785156250e+01
4.250038909912109375e+01 7.453427124023437500e+01 -3.252051544189453125e+01
7.939170074462890625e+01 -5.108597564697265625e+01 3.541172027587890625e+01
-9.350696206092834473e-02 -4.062053680419921875e+01 -2.393737983703613281e+01
6.652655029296875000e+01 3.364547348022460938e+01 5.597229003906250000e+01
8.084289550781250000e+00 5.482986831665039062e+01 -2.727925109863281250e+01
7.630258178710937500e+01 1.678810501098632812e+01 4.385734558105468750e+01
-3.615753412246704102e+00 -2.879674530029296875e+01 -1.528588485717773438e+01
6.380770492553710938e+01 -2.879920768737792969e+01 2.180989837646484375e+01
6.629558563232421875e+01 3.910587692260742188e+01 -3.015669059753417969e+01
2.082540988922119141e+00 2.763033866882324219e+01 -5.202743530273437500e+00
7.908657836914062500e+01 -5.784407806396484375e+01 1.221940231323242188e+01
1.013647079467773438e+01 -2.396374511718750000e+01 5.763845062255859375e+01
8.639109039306640625e+01 -3.542406082153320312e+01 9.159774780273437500e+00
7.314283752441406250e+01 4.646358489990234375e+01 -5.067533111572265625e+01
1.867058753967285156e+01 -5.620201110839843750e+01 -2.861882209777832031e+00
9.895603942871093750e+01 3.389767074584960938e+01 1.878623390197753906e+01
5.721783065795898438e+01 -1.616639900207519531e+01 7.741344451904296875e+01
2.814694213867187500e+01 1.053706932067871094e+01 -8.295707702636718750e+01
5.063669967651367188e+01 6.732041931152343750e+01 4.461038112640380859e-01
2.435197257995605469e+01 5.790107250213623047e+00 -6.903543090820312500e+01
1.110651245117187500e+02 -1.608288574218750000e+01 -6.861250400543212891e+00
5.369181823730468750e+01 5.100193023681640625e+01 -3.929000091552734375e+01
9.084394073486328125e+01 -5.081407546997070312e+00 -2.155879020690917969e+01
1.527851772308349609e+01 3.697304916381835938e+01 -3.709719467163085938e+01
2.494337654113769531e+01 6.999456787109375000e+01 -5.382061004638671875e+01
-1.649070858955383301e+00 5.346239852905273438e+01 -1.184715080261230469e+01
4.870690155029296875e+01 -5.782201766967773438e+01 3.869035339355468750e+01
1.375008869171142578e+01 -3.426751196384429932e-01 5.115645980834960938e+01
6.503484344482421875e+01 -2.074302864074707031e+01 4.259435272216796875e+01
9.691610717773437500e+01 -1.344022154808044434e+00 -8.079351425170898438e+00
-1.873369979858398438e+01 4.333679962158203125e+01 1.008991479873657227e+00
3.635900497436523438e+01 -1.424339103698730469e+01 -7.502096557617187500e+01
-9.355081176757812500e+01 6.061001777648925781e+00 7.770162200927734375e+01
1.431814765930175781e+01 -5.231776428222656250e+01 4.471966171264648438e+01
6.812834167480468750e+01 -4.690478897094726562e+01 1.550947952270507812e+01
1.018361053466796875e+02 -5.278620910644531250e+01 -5.676650047302246094e+00
-7.285437107086181641e+00 3.135775184631347656e+01 -4.103366851806640625e+01
-2.221846342086791992e+00 5.484028244018554688e+01 4.367717742919921875e+00
3.966831588745117188e+01 -1.444084072113037109e+01 -3.471175384521484375e+01
9.308602142333984375e+01 -4.371465301513671875e+01 -2.814372181892395020e-01
1.989258384704589844e+01 -1.631243324279785156e+01 -2.584325218200683594e+01
5.203773117065429688e+01 -4.724979400634765625e+01 -2.604901123046875000e+01
3.628223037719726562e+01 -6.261819839477539062e+01 1.641062833368778229e-02
7.323107147216796875e+01 3.155836296081542969e+01 -1.108669853210449219e+01
1.778891563415527344e+01 4.240700149536132812e+01 2.000733315944671631e-01
4.954463958740234375e+00 -3.976484680175781250e+01 3.763937377929687500e+01
1.120331192016601562e+01 -2.605859184265136719e+01 1.064138650894165039e+00
4.417635726928710938e+01 -1.731694030761718750e+01 7.009380817413330078e+00
5.316209030151367188e+01 -6.444611358642578125e+01 -2.571550750732421875e+01
7.670811462402343750e+01 -1.550837230682373047e+01 5.589925003051757812e+01
8.156495666503906250e+01 2.321237945556640625e+01 -1.800681114196777344e+01
2.553188562393188477e+00 -4.419660186767578125e+01 -1.314121055603027344e+01
7.593341827392578125e+01 2.863880729675292969e+01 -4.603639984130859375e+01
2.288751983642578125e+01 2.006083679199218750e+01 -6.958097839355468750e+01
5.035381317138671875e+01 -1.153339028358459473e+00 7.141725158691406250e+01
8.448090362548828125e+01 -1.331855487823486328e+01 -4.914674282073974609e+00
2.072730827331542969e+01 -4.031094360351562500e+01 -2.042641448974609375e+01
8.155312347412109375e+01 -4.703689193725585938e+01 -3.920080184936523438e+00
4.363957214355468750e+01 -1.166590976715087891e+01 6.730529785156250000e+01
8.648773193359375000e+01 -2.463206768035888672e+00 6.727675914764404297e+00
1.031046371459960938e+02 2.656162834167480469e+01 -3.541297149658203125e+01
2.215798377990722656e+01 -5.122398757934570312e+01 3.001571655273437500e+01
2.411091804504394531e+01 2.956263923645019531e+01 8.538117980957031250e+01
9.335082054138183594e+00 5.662649917602539062e+01 -3.980300664901733398e+00
4.561572265625000000e+01 1.505390548706054688e+01 6.818797302246093750e+01
9.452245330810546875e+01 -9.382087707519531250e+00 -3.400403594970703125e+01
1.012940216064453125e+02 3.847837829589843750e+01 -3.681690597534179688e+01
6.296586608886718750e+01 -1.183749389648437500e+01 -4.060271263122558594e+00
9.787449645996093750e+01 -2.970860481262207031e+01 2.052924156188964844e+01
3.392360305786132812e+01 -6.848175811767578125e+01 2.560840606689453125e+01
1.128398990631103516e+01 -1.846275901794433594e+01 3.930709457397460938e+01
8.983064270019531250e+01 -1.591949653625488281e+01 7.493277740478515625e+01
6.422920227050781250e+01 1.246083259582519531e+01 4.351095199584960938e+01
-7.750669860839843750e+01 -3.560492248535156250e+02 1.475711059570312500e+02
3.111815261840820312e+01 3.424475097656250000e+01 3.598466491699218750e+01
1.681527137756347656e+01 -4.910606765747070312e+01 -6.563510131835937500e+01
5.805328750610351562e+01 2.523081207275390625e+01 6.566436767578125000e+01
4.174897003173828125e+01 -2.133232307434082031e+01 -8.578409576416015625e+01
4.795541763305664062e+01 1.675057601928710938e+01 2.094787788391113281e+01
3.467162322998046875e+01 -3.815485477447509766e+00 -6.672645568847656250e+01
4.593500137329101562e+01 2.863566207885742188e+01 2.884821319580078125e+01
6.214093399047851562e+01 6.686684417724609375e+01 2.909885978698730469e+01
4.045497131347656250e+01 -3.475082778930664062e+01 -4.875970458984375000e+01
1.921375656127929688e+01 -7.806274414062500000e+00 -9.601463317871093750e+00
6.636152648925781250e+01 6.627694702148437500e+01 -3.498347854614257812e+01
8.763998413085937500e+01 -2.582927513122558594e+01 5.232133102416992188e+01
4.510823440551757812e+01 4.226745605468750000e+01 -1.037628936767578125e+01
8.287152862548828125e+01 6.453088378906250000e+01 1.045783901214599609e+01
4.809059524536132812e+01 -6.485308837890625000e+01 1.405379104614257812e+01
4.327421188354492188e+01 -2.390586280822753906e+01 -4.696891784667968750e+01
8.155644989013671875e+01 3.679288101196289062e+01 -5.264437484741210938e+01
-1.498407363891601562e+00 1.741183090209960938e+01 -7.246004486083984375e+01
-1.507002472877502441e+00 4.297311019897460938e+01 -5.668138980865478516e+00
1.165596237182617188e+02 -4.115171813964843750e+01 2.319177436828613281e+01
5.163951492309570312e+01 3.392010498046875000e+01 -4.098440551757812500e+01
1.018847122192382812e+02 3.644175338745117188e+01 7.508393096923828125e+01
4.283998966217041016e+00 4.182015228271484375e+01 4.217210388183593750e+01
4.196567535400390625e+01 4.370988845825195312e+01 -3.013983535766601562e+01
2.456671905517578125e+01 -3.547784423828125000e+01 5.913452529907226562e+01
-5.683061218261718750e+01 -4.790259552001953125e+01 3.864540100097656250e+01
-5.924291992187500000e+01 -7.510041046142578125e+01 -3.781921148300170898e+00
-4.759377670288085938e+01 3.292157363891601562e+01 2.906963348388671875e+01
-4.283819961547851562e+01 -7.105639648437500000e+01 -5.230270767211914062e+01
-7.968276214599609375e+01 3.196222496032714844e+01 -4.805473327636718750e+01
-1.243041324615478516e+01 -2.029563331604003906e+01 1.817381668090820312e+01
-1.972467803955078125e+01 -1.742037391662597656e+01 -2.143600463867187500e+01
-8.134207916259765625e+01 5.231266975402832031e+00 5.095340728759765625e+01
-1.443680000305175781e+01 1.375068950653076172e+01 -1.344171237945556641e+01
-1.750547790527343750e+01 -5.845878601074218750e+01 4.315906906127929688e+01
-6.464302825927734375e+01 -2.977806472778320312e+01 2.934637069702148438e+00
-2.461641883850097656e+01 9.897884368896484375e+00 5.340523910522460938e+01
-4.380823898315429688e+01 4.807868576049804688e+01 8.185803985595703125e+01
-2.405811500549316406e+01 4.235628890991210938e+01 2.857484054565429688e+01
-6.217033767700195312e+01 -2.159493827819824219e+01 -3.882481384277343750e+01
-4.027919769287109375e+01 5.262221908569335938e+01 -1.789378523826599121e+00
7.338780212402343750e+01 -4.873796081542968750e+01 -4.254621124267578125e+01
-5.082878494262695312e+01 -3.887854385375976562e+01 -5.395032501220703125e+01
-6.614702606201171875e+01 -1.586109161376953125e+01 -6.057305145263671875e+01
-2.014666748046875000e+01 -7.546501159667968750e+01 6.782290649414062500e+01
-5.796273422241210938e+01 -3.664304733276367188e+01 3.632091903686523438e+01
-3.926232910156250000e+01 5.521397399902343750e+01 -1.846634101867675781e+01
-6.382149887084960938e+01 7.433853149414062500e+01 3.854362106323242188e+01
-1.001796417236328125e+02 -1.399042367935180664e+00 -4.862051963806152344e+00
-2.240947151184082031e+01 5.372063827514648438e+01 1.833518791198730469e+01
-2.113113403320312500e+01 -4.903540420532226562e+01 7.245964050292968750e+01
-5.072807312011718750e+01 4.743154907226562500e+01 6.792773437500000000e+01
-5.493779373168945312e+01 -5.182534408569335938e+01 1.477225971221923828e+01
-8.395740509033203125e+00 7.967180633544921875e+01 4.028858947753906250e+01
-4.707017898559570312e+01 -3.409171676635742188e+01 1.648936843872070312e+01
-7.050284576416015625e+01 3.750353622436523438e+01 -5.325490188598632812e+01
-6.535534667968750000e+01 4.626211929321289062e+01 -2.190004825592041016e+00
-5.030168914794921875e+01 -7.758006286621093750e+01 -4.792931747436523438e+01
-1.478378963470458984e+01 -1.559733486175537109e+01 7.389389801025390625e+01
-6.571300506591796875e+00 -4.743853092193603516e+00 -3.538888549804687500e+01
-1.567010021209716797e+01 -4.732657623291015625e+01 2.467898750305175781e+01
-2.795347785949707031e+01 2.924025344848632812e+01 2.324333906173706055e+00
-3.431331253051757812e+01 -4.342283248901367188e+00 -1.993472862243652344e+01
-1.019118576049804688e+02 -1.583255672454833984e+01 9.260466575622558594e+00
-7.157376098632812500e+01 -6.742447662353515625e+01 -1.830153703689575195e+00
1.462001342773437500e+02 -4.182266443967819214e-02 2.343558883666992188e+01
-1.200925922393798828e+01 3.081384849548339844e+01 9.018473815917968750e+01
-1.890313720703125000e+01 -4.665977096557617188e+01 -5.109742736816406250e+01
-2.150069808959960938e+01 -1.956169891357421875e+01 3.321725463867187500e+01
-5.952964782714843750e+01 -3.557181358337402344e-01 9.539376258850097656e+00
-4.234456253051757812e+01 2.395711708068847656e+01 -7.822417449951171875e+01
-8.339217376708984375e+01 6.536962890625000000e+01 -1.243085384368896484e+00
-3.010830116271972656e+01 -5.766284942626953125e+01 -7.253879547119140625e+01
4.228722000122070312e+01 8.061100959777832031e+00 -1.721335983276367188e+01
-1.057313079833984375e+02 -3.282187652587890625e+01 4.049998855590820312e+01
-2.456516647338867188e+01 -7.283180236816406250e+01 -3.422177124023437500e+01
-4.875444412231445312e+01 -3.339531707763671875e+01 4.716469287872314453e+00
5.114602661132812500e+01 9.080535125732421875e+01 3.564247846603393555e+00
3.648229122161865234e+00 -8.784053802490234375e+01 -6.641456604003906250e+00
-5.693925476074218750e+01 1.155320835113525391e+01 2.499346160888671875e+01
-3.054012107849121094e+01 5.667470169067382812e+01 -6.977642822265625000e+01
-2.744099617004394531e+01 -4.240346527099609375e+01 -4.252607727050781250e+01
-4.297736740112304688e+01 -1.026258621215820312e+02 -8.290547728538513184e-01
-1.038871994018554688e+02 3.411666107177734375e+01 -5.607083439826965332e-01
-5.607664871215820312e+01 2.357637214660644531e+01 -8.826754760742187500e+01
-5.820531845092773438e+01 -3.754499816894531250e+01 -1.091439819335937500e+01
-4.098955535888671875e+01 2.914755105972290039e+00 7.045105743408203125e+01
-3.820493316650390625e+01 6.120868301391601562e+01 -4.794610595703125000e+01
-1.557541656494140625e+01 -8.900608825683593750e+01 3.693745040893554688e+01
-1.805097770690917969e+01 9.337030029296875000e+01 -1.285266208648681641e+01
-7.174610900878906250e+01 -3.203987884521484375e+01 1.830518341064453125e+01
-8.024826049804687500e+01 -1.205826759338378906e+01 -4.728458023071289062e+01
-4.805430221557617188e+01 5.652902603149414062e+01 5.814034271240234375e+01
-4.139116287231445312e+01 -1.692528533935546875e+01 6.256979751586914062e+01
1.646976661682128906e+01 -1.137698078155517578e+01 1.642971992492675781e+01
-9.132154083251953125e+01 -1.342651367187500000e+01 4.536342239379882812e+01
-5.959405517578125000e+01 -1.787278556823730469e+01 -1.215961265563964844e+01
-1.485956192016601562e+00 1.019895095825195312e+02 1.572915464639663696e-01
-6.385454559326171875e+01 -5.579863357543945312e+01 5.727537918090820312e+01
-1.146329689025878906e+01 -3.321083450317382812e+01 -7.055179595947265625e+01
-1.939313316345214844e+01 -9.146268463134765625e+01 2.837218093872070312e+01
-3.257009506225585938e+01 3.774264526367187500e+01 1.262228870391845703e+01
-1.041242599487304688e+02 1.760540580749511719e+01 1.957219505310058594e+01
-6.154823303222656250e+01 3.441551589965820312e+01 1.334836196899414062e+01
-9.622026443481445312e+00 -1.155402183532714844e+01 -8.153196716308593750e+01
-2.012809181213378906e+01 -2.779162597656250000e+01 7.526223754882812500e+01
-4.626281738281250000e+01 1.115437602996826172e+01 -2.364733314514160156e+01
7.826388478279113770e-01 -5.912540435791015625e+01 6.201368713378906250e+01
-8.443629455566406250e+01 2.905192184448242188e+01 2.345761108398437500e+01
-8.415708923339843750e+01 1.915173530578613281e+00 1.304318904876708984e+01
-4.418515777587890625e+01 2.947884750366210938e+01 -1.423390769958496094e+01
-4.581255722045898438e+01 1.619273376464843750e+01 4.716669845581054688e+01
-3.532331848144531250e+01 6.158113861083984375e+01 6.172358322143554688e+01
-7.760617828369140625e+01 -2.119980430603027344e+01 -8.158644676208496094e+00
2.412298965454101562e+01 -7.370185089111328125e+01 -4.234431457519531250e+01
-7.705104064941406250e+01 3.616805648803710938e+01 1.585484027862548828e+01
-4.134514617919921875e+01 -4.096912002563476562e+01 -7.343706512451171875e+01
7.747607421875000000e+01 -3.907966613769531250e+01 -6.569727325439453125e+01
-8.268035125732421875e+01 -3.683920145034790039e+00 3.135314941406250000e+01
-4.473384094238281250e+01 -1.956863212585449219e+01 9.853768348693847656e+00
-7.008172607421875000e+01 -8.510029602050781250e+01 -1.966639399528503418e+00
-3.734172821044921875e+01 9.836636543273925781e+00 4.082542419433593750e+01
-1.134983444213867188e+01 3.627004623413085938e+01 8.094511413574218750e+01
-1.318304181098937988e+00 6.516144561767578125e+01 6.207567214965820312e+01
-7.786540222167968750e+01 1.994290161132812500e+01 8.847219944000244141e-01
-1.539926338195800781e+01 2.798265075683593750e+01 6.722016143798828125e+01
-5.999307250976562500e+01 -8.442090606689453125e+01 -8.406350135803222656e+00
-7.302595520019531250e+01 7.814112854003906250e+01 -7.926839828491210938e+00
-3.406945419311523438e+01 3.035793876647949219e+01 2.142973899841308594e+01
-6.496176910400390625e+01 -3.315135192871093750e+01 -4.851374816894531250e+01
-3.971934890747070312e+01 -1.898718452453613281e+01 4.125467300415039062e+01
-1.409249114990234375e+01 9.298885464668273926e-01 4.381883621215820312e+01
-3.343073272705078125e+01 7.216780090332031250e+01 2.254243278503417969e+01
-8.561898040771484375e+01 -6.190694046020507812e+01 2.094698143005371094e+01
-2.790713500976562500e+01 8.920024871826171875e+01 -1.882871437072753906e+01
-5.233741378784179688e+01 -1.881304359436035156e+01 -1.869008636474609375e+01
6.001471710205078125e+01 -4.136795520782470703e+00 -4.047628784179687500e+01
-5.838165664672851562e+01 4.497722625732421875e+01 7.554819488525390625e+01
-5.371844863891601562e+01 2.490004920959472656e+01 -6.883747100830078125e+01
-5.256822967529296875e+01 3.852076339721679688e+01 -3.459042739868164062e+01
-7.205711364746093750e+01 6.527364349365234375e+01 -1.108915519714355469e+01
5.592689037322998047e+00 -1.590680980682373047e+01 1.932997512817382812e+01
-7.243112182617187500e+01 5.847783279418945312e+01 5.590380096435546875e+01
-5.097779083251953125e+01 1.804314041137695312e+01 -8.386941909790039062e+00
-8.179358673095703125e+01 6.686500549316406250e+01 -1.464930343627929688e+01
-3.534890365600585938e+01 7.483055877685546875e+01 1.023452758789062500e+01
-5.668659973144531250e+01 5.496734619140625000e+01 5.065806198120117188e+01
-6.863050079345703125e+01 1.636322021484375000e+01 -8.018572998046875000e+01
-7.801303100585937500e+01 -5.762913513183593750e+01 -2.573045539855957031e+01
-3.644007492065429688e+01 -5.131420898437500000e+01 -7.189359188079833984e+00
-7.684878540039062500e+01 1.361745643615722656e+01 -2.072855567932128906e+01
-5.963567352294921875e+01 8.779440307617187500e+01 -1.466005516052246094e+01
-5.687811279296875000e+01 9.007987380027770996e-02 5.274263763427734375e+01
-7.347229766845703125e+01 -4.608600616455078125e+01 -1.920677542686462402e+00
-3.034609603881835938e+01 -7.400074768066406250e+01 -6.817629337310791016e+00
-5.745297622680664062e+01 1.803658127784729004e+00 -1.143857860565185547e+01
-2.613397979736328125e+01 -1.390588665008544922e+01 9.771004486083984375e+01
-7.508594512939453125e+01 -3.235765075683593750e+01 3.115172863006591797e+00
-2.613459968566894531e+01 -8.592494964599609375e+01 -2.953728485107421875e+01
-5.432585144042968750e+01 5.198870658874511719e+00 -3.122422218322753906e+01
-9.218227386474609375e+00 -3.653776550292968750e+01 -9.794556427001953125e+01
1.712862253189086914e-01 1.001469573974609375e+02 1.050009918212890625e+01
-4.760224151611328125e+01 -3.216831970214843750e+01 -6.511228179931640625e+01
-1.121247406005859375e+02 -3.475924682617187500e+01 2.999406623840332031e+01
-2.465035438537597656e+01 -1.644226646423339844e+01 -8.743800354003906250e+01
-2.150882530212402344e+01 2.853694725036621094e+01 1.248175430297851562e+01
-1.481702423095703125e+01 -9.507096862792968750e+01 9.544778823852539062e+00
-4.255076980590820312e+01 4.249331283569335938e+01 2.444065093994140625e+01
-2.217173576354980469e+01 5.184331893920898438e+00 1.857992362976074219e+01
-7.024145507812500000e+01 3.515243530273437500e+00 -4.968206787109375000e+01
-5.400676727294921875e+01 1.425525188446044922e+01 1.038505172729492188e+01
-6.360700726509094238e-01 -7.210632324218750000e+01 -4.626545333862304688e+01
-2.336248588562011719e+01 7.330253601074218750e+01 3.403505325317382812e+01
-7.075141143798828125e+01 1.858589935302734375e+01 8.137744140625000000e+01
-1.665433120727539062e+01 4.348039245605468750e+01 9.467841339111328125e+01
-4.842392349243164062e+01 2.064045524597167969e+01 6.871741485595703125e+01
1.173215484619140625e+02 1.825526809692382812e+01 2.409919738769531250e+01
-3.144504165649414062e+01 7.715085601806640625e+01 -5.890786743164062500e+01
-5.895559692382812500e+01 1.486975908279418945e+00 8.834807586669921875e+01
-1.012434692382812500e+02 3.247582912445068359e-01 -2.296064376831054688e+01
-2.486079025268554688e+01 -3.735497665405273438e+01 6.909447479248046875e+01
-7.826703643798828125e+01 1.699415397644042969e+01 5.312084197998046875e+01
-3.405583572387695312e+01 -6.475292968750000000e+01 4.382618427276611328e+00
-2.111852073669433594e+01 4.226318740844726562e+01 4.678150939941406250e+01
-5.433336639404296875e+01 -3.232468128204345703e+00 2.611639785766601562e+01
1.216076469421386719e+01 -1.018119506835937500e+02 1.191894817352294922e+01
-8.951956939697265625e+01 -7.352427005767822266e+00 -5.134961700439453125e+01
-8.211147308349609375e+00 -4.987344741821289062e-01 -1.468863582611083984e+01
-2.564554786682128906e+01 -3.518281173706054688e+01 8.530958557128906250e+01
-6.967723846435546875e+01 3.793388366699218750e+01 -1.139578056335449219e+01
-1.620983505249023438e+01 -5.793629455566406250e+01 -1.000616264343261719e+01
-4.378973770141601562e+01 1.098192691802978516e+01 -4.367195510864257812e+01
-9.212275695800781250e+01 -1.952954483032226562e+01 1.807972526550292969e+01
-3.987156677246093750e+01 -7.254171848297119141e+00 -9.262092590332031250e+01
-3.021562004089355469e+01 -2.827299499511718750e+01 -1.594071030616760254e+00
-1.163598728179931641e+01 -4.370949554443359375e+01 -9.191681671142578125e+01
-6.677239227294921875e+01 -1.153726005554199219e+01 6.585168457031250000e+01
-4.281399536132812500e+01 -4.456375122070312500e+01 3.062809562683105469e+01
-5.971705436706542969e+00 -9.821331024169921875e+01 -9.856483459472656250e+00
-5.569931030273437500e+01 2.204059028625488281e+01 -3.183318901062011719e+01
-3.870839309692382812e+01 3.676307296752929688e+01 3.531367492675781250e+01
-1.441769981384277344e+01 -1.000731849670410156e+01 2.465058708190917969e+01
-1.870102691650390625e+01 1.423118782043457031e+01 -2.494752120971679688e+01
-6.908537292480468750e+01 2.101774406433105469e+01 2.562485694885253906e+01
-7.035243225097656250e+01 6.760090637207031250e+01 -2.466041946411132812e+01
-1.847492980957031250e+01 -4.388230514526367188e+01 4.404593276977539062e+01
-3.357754898071289062e+01 6.139674377441406250e+01 -5.815325164794921875e+01
-2.016755294799804688e+01 3.539432907104492188e+01 -6.457974243164062500e+01
-7.020947265625000000e+01 7.509239959716796875e+01 2.932595491409301758e+00
-2.283426094055175781e+01 1.584665489196777344e+01 -4.712787246704101562e+01
7.220243835449218750e+01 -1.750674819946289062e+01 -6.759965515136718750e+01
-4.530697688460350037e-02 7.761260223388671875e+01 -6.524466705322265625e+01
-7.002664947509765625e+01 1.279716110229492188e+01 3.510275268554687500e+01
-4.647842407226562500e+00 -5.471819686889648438e+01 -8.632746124267578125e+01
-8.637606048583984375e+01 2.371560096740722656e+01 -2.498608779907226562e+01
4.032556056976318359e+00 -8.530503082275390625e+01 -2.743241310119628906e+01
-3.547381210327148438e+01 8.464252471923828125e+01 3.031074714660644531e+01
-6.393774795532226562e+01 -1.916333580017089844e+01 1.121776390075683594e+01
-1.054991378784179688e+02 -1.486776256561279297e+01 2.168123626708984375e+01
-8.880102539062500000e+01 2.366083908081054688e+01 -5.970228195190429688e+01
-7.459442901611328125e+01 2.869552850723266602e+00 2.584007835388183594e+01
1.056274652481079102e+00 4.388852691650390625e+01 -9.419814300537109375e+01
-2.486761665344238281e+01 -4.519983291625976562e+01 -1.716760444641113281e+01
-9.521537780761718750e+01 -8.589622497558593750e+00 1.738979339599609375e+01
-4.199410247802734375e+01 3.072947025299072266e+00 1.894968032836914062e+01
-1.785103607177734375e+01 -2.603242874145507812e+00 -7.668712615966796875e+00
1.369318389892578125e+01 -6.144874954223632812e+01 6.518365478515625000e+01
-3.850510025024414062e+01 1.782203483581542969e+01 -1.528883743286132812e+01
-5.650443649291992188e+01 -8.633456420898437500e+01 7.766996860504150391e+00
-1.593683815002441406e+01 -8.883428192138671875e+01 1.453106045722961426e+00
-1.054637622833251953e+01 8.264968872070312500e+00 1.039985561370849609e+01
-3.774665832519531250e+01 -2.673847770690917969e+01 -8.297291564941406250e+01
1.337123632431030273e+00 6.236655426025390625e+01 1.903210449218750000e+01
-5.113274383544921875e+01 -1.480371665954589844e+01 -4.315409851074218750e+01
-7.532073211669921875e+01 -1.325663280487060547e+01 -8.795289397239685059e-01
-6.109450912475585938e+01 5.288341903686523438e+01 -3.302885055541992188e+01
-7.315809631347656250e+01 -2.427760696411132812e+01 7.664078521728515625e+01
-4.118322372436523438e+01 -8.223323059082031250e+01 -5.494493103027343750e+01
-6.007817840576171875e+01 -8.963116455078125000e+01 -1.849589729309082031e+01
-8.669379425048828125e+01 -3.091199636459350586e+00 -3.571801757812500000e+01
-5.563788223266601562e+01 6.109164047241210938e+01 1.906703758239746094e+01
-1.858964347839355469e+01 -3.338295745849609375e+01 6.030643939971923828e+00
-4.321026229858398438e+01 1.669059753417968750e+01 -6.951935577392578125e+01
-7.078442382812500000e+01 8.774378204345703125e+01 5.592955112457275391e+00
-5.927645111083984375e+01 3.513606643676757812e+01 -5.349360466003417969e+00
-6.035826873779296875e+01 6.061081695556640625e+01 6.329780578613281250e+01
-1.021262512207031250e+02 -3.636867523193359375e+01 2.807112693786621094e+01
1.324298024177551270e+00 4.017758941650390625e+01 7.779061126708984375e+01
-3.412579727172851562e+01 -2.517536735534667969e+01 -3.436461257934570312e+01
-1.309796905517578125e+01 -3.749190902709960938e+01 -4.387142181396484375e+01
-4.391433334350585938e+01 4.230603575706481934e-01 1.354253888130187988e+00
-6.271389770507812500e+01 7.834021759033203125e+01 -5.839887237548828125e+01
-7.852071380615234375e+01 -4.754295730590820312e+01 -2.733491516113281250e+01
1.986073493957519531e+01 9.522834777832031250e+00 9.806217193603515625e+01
-6.235034179687500000e+01 -5.210054016113281250e+01 -3.212590026855468750e+01
-2.848247909545898438e+01 -2.581686210632324219e+01 1.860882568359375000e+01
-3.337984848022460938e+01 8.674917602539062500e+01 -2.726864433288574219e+01
-6.214603424072265625e+01 9.142165184020996094e+00 -7.660088348388671875e+01
-7.760649108886718750e+01 -1.885593986511230469e+01 6.074135208129882812e+01
6.740822601318359375e+01 -1.238504219055175781e+01 -4.407730484008789062e+01
-6.799894714355468750e+01 3.225258636474609375e+01 -6.904533386230468750e+01
1.901797503232955933e-01 -8.466828155517578125e+01 -5.190883255004882812e+01
-3.240893554687500000e+01 -1.130443000793457031e+01 3.912999725341796875e+01
-8.125088500976562500e+01 5.226815795898437500e+01 -1.747347450256347656e+01
-8.910416412353515625e+01 -6.651966857910156250e+01 -2.353085327148437500e+01
7.872739410400390625e+01 2.538291692733764648e+00 -5.768547821044921875e+01
-4.486559295654296875e+01 2.557280921936035156e+01 -4.099630737304687500e+01
-6.659116363525390625e+01 1.264561653137207031e+01 -9.968615531921386719e+00
-2.520689773559570312e+01 2.929807281494140625e+01 6.715810394287109375e+01
-5.060228729248046875e+01 -4.341123199462890625e+01 -7.779486083984375000e+01
-1.832403182983398438e+01 -1.383517551422119141e+01 -7.166617584228515625e+01
-9.172604560852050781e+00 -7.815791606903076172e+00 -3.879262924194335938e+00
-2.922240447998046875e+01 -5.606861495971679688e+01 1.159136581420898438e+01
-2.322873878479003906e+01 4.969110488891601562e+01 -6.662828063964843750e+01
-5.510307693481445312e+01 -4.341275787353515625e+01 -4.316997909545898438e+01
-1.345073032379150391e+01 5.214609909057617188e+01 -7.298104095458984375e+01
-7.034789276123046875e+01 -4.366461563110351562e+01 3.704682922363281250e+01
-1.853627586364746094e+01 1.651426506042480469e+01 4.473084640502929688e+01
-5.774525070190429688e+01 -2.180696868896484375e+01 4.313510131835937500e+01
-1.149248886108398438e+01 1.400346851348876953e+01 2.397891426086425781e+01
-6.553262329101562500e+01 4.855381011962890625e+01 -7.209591674804687500e+01
-2.995359992980957031e+01 -6.605950927734375000e+01 4.254850387573242188e+01
-3.165197372436523438e+01 -4.560908317565917969e+00 -8.196129608154296875e+01
-6.576776885986328125e+01 8.518012046813964844e+00 1.769278717041015625e+01
-4.395152664184570312e+01 2.410673856735229492e+00 5.192427825927734375e+01
-4.644301223754882812e+01 3.291617393493652344e+00 3.862030410766601562e+01
-8.586586761474609375e+01 -3.858594894409179688e+01 -3.056645774841308594e+01
-7.198810577392578125e+01 -4.417643356323242188e+01 -5.233735275268554688e+01
-6.637284088134765625e+01 3.374681472778320312e+01 4.450453948974609375e+01
-4.304887390136718750e+01 -2.068582916259765625e+01 2.118846511840820312e+01
-9.827587890625000000e+01 1.098485374450683594e+01 1.084930801391601562e+01
-8.093505859375000000e+01 3.033333587646484375e+01 6.446768283843994141e+00
-6.336509704589843750e+01 -1.184719467163085938e+01 3.298105621337890625e+01
-4.630374908447265625e+01 -4.200816345214843750e+01 4.880078887939453125e+01
-3.309334182739257812e+01 -9.811635017395019531e+00 -7.152900695800781250e+01
-8.194436645507812500e+01 4.419117736816406250e+01 -5.778514862060546875e+01
-1.353068637847900391e+01 -1.038685035705566406e+01 -4.145236206054687500e+01
1.447614288330078125e+01 -1.039517211914062500e+02 2.142469978332519531e+01
-2.919921112060546875e+01 -1.011628246307373047e+01 6.558203887939453125e+01
-3.107151031494140625e+01 -2.951274299621582031e+01 2.893706893920898438e+01
-3.433722734451293945e+00 6.446199798583984375e+01 -7.320023345947265625e+01
-9.844020080566406250e+01 2.820987319946289062e+01 -5.820792388916015625e+01
-4.306513214111328125e+01 -7.104477691650390625e+01 5.524386596679687500e+01
-2.449517631530761719e+01 -6.924381732940673828e+00 -6.512401580810546875e+01
-9.392985534667968750e+01 -1.106502437591552734e+01 -3.486548233032226562e+01
-2.701403427124023438e+01 -6.852272987365722656e+00 7.402645587921142578e+00
2.772991895675659180e+00 -4.036143493652343750e+01 7.579311370849609375e+01
-9.207482910156250000e+01 -2.835347175598144531e+01 7.046526336669921875e+01
-7.433000183105468750e+01 -1.624602699279785156e+01 4.592006683349609375e+01
-3.120512008666992188e+01 -2.386602020263671875e+01 4.988043975830078125e+01
-3.518638229370117188e+01 -4.426830291748046875e+01 5.913742446899414062e+01
-1.637444257736206055e+00 6.242280602455139160e-01 8.831102752685546875e+01
-5.996989822387695312e+01 7.372000885009765625e+01 -7.624990463256835938e+00
-3.786058425903320312e+01 -4.281626510620117188e+01 -2.211163330078125000e+01
-4.110365676879882812e+01 -1.372095012664794922e+01 -5.690050601959228516e+00
8.035399317741394043e-01 -7.957491302490234375e+01 -3.811188507080078125e+01
-2.870662689208984375e+01 8.154396057128906250e+01 4.552586746215820312e+01
-4.695059585571289062e+01 -2.160394859313964844e+01 -5.598741149902343750e+01
-1.023813705444335938e+02 8.050764083862304688e+00 -8.419843673706054688e+00
-5.619432449340820312e+01 4.398635864257812500e+01 -1.448792934417724609e+01
-3.146759605407714844e+01 2.031820869445800781e+01 8.570641517639160156e+00
-6.770079040527343750e+01 4.068636703491210938e+01 2.236222267150878906e+01
1.089147758483886719e+01 -3.844432592391967773e+00 7.525514602661132812e+00
-8.172761535644531250e+01 -9.205960273742675781e+00 5.758229827880859375e+01
-5.923238754272460938e+01 7.009169006347656250e+01 2.915016365051269531e+01
-6.238655471801757812e+01 6.771694946289062500e+01 -3.485757827758789062e+01
-5.996969223022460938e+01 -3.836430740356445312e+01 1.291098880767822266e+01
-3.439878845214843750e+01 -6.970345306396484375e+01 6.638766479492187500e+01
-5.746066284179687500e+01 3.749481582641601562e+01 -6.695450592041015625e+01
-5.213297271728515625e+01 -6.871212768554687500e+01 -1.323035526275634766e+01
-2.871903419494628906e+01 5.146126937866210938e+01 3.217192840576171875e+01
-6.114354705810546875e+01 3.152676582336425781e+01 -2.150229644775390625e+01
-2.800704574584960938e+01 -5.654384994506835938e+01 -1.958173942565917969e+01
-5.809991455078125000e+01 7.088054656982421875e+01 5.646725463867187500e+01
-1.314872550964355469e+01 -9.769792556762695312e+00 -9.299084472656250000e+01
3.202285170555114746e-01 1.037717895507812500e+02 -1.355400085449218750e+01
-7.558191680908203125e+01 3.371925115585327148e+00 -1.065001678466796875e+01
-3.416832351684570312e+01 -4.656337738037109375e+01 -3.268943786621093750e+01
-3.957941436767578125e+01 -2.377609443664550781e+01 7.725978851318359375e+01
-5.060300064086914062e+01 5.681574249267578125e+01 7.842036437988281250e+01
-5.436109924316406250e+01 -3.614904785156250000e+01 5.534140396118164062e+01
-5.108341979980468750e+01 -1.041275100708007812e+02 4.364552974700927734e+00
-2.934534454345703125e+01 -7.098564147949218750e+01 1.480723190307617188e+01
-1.823575210571289062e+01 -4.507904052734375000e+01 -3.308766841888427734e+00
-6.544756317138671875e+01 6.276538085937500000e+01 3.995476531982421875e+01
