5.952670633047819848e+01
4.397946652024984360e+01
3.841388749331235886e+01
6.933837659657001495e+01
6.032824610546231270e+01
3.386414378136396408e+01
5.449513424932956696e+01
3.982755918055772781e+01
1.074706354290246821e+02
3.887536028027534485e+01
2.972088944911956787e+01
3.906098808348178864e+01
2.869995572417974472e+01
2.289074398577213287e+01
6.790081928670406342e+01
6.719665050506591797e+01
3.296913473308086395e+01
6.876939630508422852e+01
1.031407682746648788e+02
5.403033345192670112e+01
6.739249777048826218e+01
3.465206715464591980e+01
5.660691990703345056e+01
5.168714867532253265e+01
5.899838574975728989e+01
8.032492572069168091e+01
2.971604235470294952e+01
3.453915117681026459e+01
4.341103325784206390e+01
5.037653368711470847e+01
3.186834001168608665e+01
6.069873774051666260e+01
4.281900151073932648e+01
6.455798524618148804e+01
3.733877311646938324e+01
2.057042694091796875e+01
5.690664088726043701e+01
4.728639286011457443e+01
1.353594356179237366e+02
2.891867931187153218e+01
3.999837204813957214e+01
4.980170860141515732e+01
9.082398133724927902e+01
3.734191428124904633e+01
1.154807593226432800e+02
3.197632806003094075e+01
5.775783628225325828e+01
8.348646295070648193e+01
3.326786948367953300e+01
7.833372764289379120e+01
6.630517532676458359e+01
1.091899750083684921e+02
5.616649444401263480e+01
4.118777444958686829e+01
1.180556329339742803e+02
7.147106754779815674e+01
8.398201295733451843e+01
3.908962368592619896e+01
2.852964095771312714e+01
6.738243608176708221e+01
4.940220367163419724e+01
1.732134976610541344e+01
8.656963862478733063e+01
3.198973184078932164e+01
1.548272904045879841e+02
1.344458855949342251e+02
1.969247016794979572e+02
2.440268828123807907e+02
2.773132544606924057e+02
1.890228253453969955e+02
1.498197379410266876e+02
1.965483693480491638e+02
1.982028032690286636e+02
2.155976030826568604e+02
2.111443514451384544e+02
1.744839746206998825e+02
1.709048738777637482e+02
1.999088886976242065e+02
1.909385849833488464e+02
2.068083216175436689e+02
1.771227896958589554e+02
1.568084641098976135e+02
1.933882353305816650e+02
1.566452174186706543e+02
2.530878319926559925e+02
3.030553140752017498e+02
1.940086656827479601e+02
1.439272199869155884e+02
1.665646435394883156e+02
3.077052914649248123e+02
2.471779318749904348e+02
1.917946336269378662e+02
1.765542403385043144e+02
2.073215709477663040e+02
2.515561744719743729e+02
1.773894391581416130e+02
1.507299707680940628e+02
1.530986150652170181e+02
1.426549662128090858e+02
1.989511369690299034e+02
2.051400246620178223e+02
2.332527485042810724e+02
1.728832370638847351e+02
1.147832986414432526e+02
2.272148267999291136e+02
1.296953419595956802e+02
1.911844616457819939e+02
1.216388404667377472e+02
1.581831205487251282e+02
1.878579620867967606e+02
1.845227457731962204e+02
2.137367569506168365e+02
3.655066513121128082e+02
1.293985635042190552e+02
2.030553898364305496e+02
1.716817504614591599e+02
1.952437329366803169e+02
1.729794780015945435e+02
1.067128717601299286e+02
1.694891359731554985e+02
1.869717472717165947e+02
2.079578777104616449e+02
1.470340558029711246e+02
1.562831866592168808e+02
2.844034487977623940e+02
1.077972016930580139e+02
2.146404843553901003e+02
2.335706475079059601e+02
1.852046358622610569e+02
1.281847355365753174e+02
1.404492428153753281e+02
2.863049712926149368e+02
2.374018105268478394e+02
1.813821195885539055e+02
2.621455298103392124e+02
1.172440349981188774e+02
1.455276305973529816e+02
1.895485695898532867e+02
1.642705118060112000e+02
1.748521567434072495e+02
2.991646414548158646e+02
2.056424295455217361e+02
1.239453068822622441e+02
1.466791155450046062e+02
8.397900074720382690e+01
1.042937706038355827e+02
2.706436238363385201e+02
1.438071042522788048e+02
1.948146428018808365e+02
3.007181054204702377e+02
1.522162923179566860e+02
2.399599477797746658e+02
2.900801738351583481e+02
9.006487382575869560e+01
1.512605095505714417e+02
2.041816417351364805e+02
2.578641441762447357e+02
1.555209076106548309e+02
1.522274940907955170e+02
1.748797935321927071e+02
1.483395579308271408e+02
1.906100688427686691e+02
1.633419323116540909e+02
1.596641307771205902e+02
1.306609442457556725e+02
1.643690511286258698e+02
2.724449408203363419e+02
1.519641072377562523e+02
1.754127745926380157e+02
1.287178000509738922e+02
1.642564464136958122e+02
1.819662953317165375e+02
2.085128268748521805e+02
1.594841107055544853e+02
2.234719910845160200e+02
2.502221951186656952e+02
1.832806630767881870e+02
1.994941886663436890e+02
1.878381018191576004e+02
1.619863814860582352e+02
1.207293507382273674e+02
1.656915067881345749e+02
1.389647924751043320e+02
2.413052224107086658e+02
1.891016480475664139e+02
1.372123744487762451e+02
1.224664217233657979e+02
1.608447296172380447e+02
2.279211233258247375e+02
1.485532140247523785e+02
2.751732647418975830e+02
1.792320284545421600e+02
1.383240088894963264e+02
1.529418101795017719e+02
1.423775974810123444e+02
2.365365061834454536e+02
2.068735347688198090e+02
1.770344274491071701e+02
2.945556373819708824e+02
1.362836740314960480e+02
1.535925703495740891e+02
1.863307458385825157e+02
1.764023006334900856e+02
1.677159488648176193e+02
2.382600542157888412e+02
1.990145318657159805e+02
1.171769248172640658e+02
1.302317163012921810e+02
8.319234684109687805e+01
1.313848653584718704e+02
4.127287261635064510e+02
1.522435227259993553e+02
2.074329462721943855e+02
3.877211705744266510e+02
1.640622735433280468e+02
2.015487721413373663e+02
2.185547179430723190e+02
9.142611655592918396e+01
1.344478609189391136e+02
2.369281825944781303e+02
3.507652895301580429e+02
1.577599351778626442e+02
1.510180279016494751e+02
1.738818049877882004e+02
1.523610798716545105e+02
2.071038112416863441e+02
1.573456756919622421e+02
1.547063994780182838e+02
1.450347884669899940e+02
1.749811826422810555e+02
2.134614751338958740e+02
1.405404934138059616e+02
1.413803472667932510e+02
1.619704127088189125e+02
1.640828104317188263e+02
2.010956577658652975e+02
2.011752836182713793e+02
1.582797925360500813e+02
3.075860886164009571e+02
2.087582932896912098e+02
1.518532197847962379e+02
2.015934164673089981e+02
2.004460606873035431e+02
1.569376805946230888e+02
1.170121499262750149e+02
2.335073051378130913e+02
1.384915627464652061e+02
2.257000365480780317e+02
1.612834723591804504e+02
1.393547200113534927e+02
1.242118436694145061e+02
1.586242930591106415e+02
2.069215002208947851e+02
1.538944843001663685e+02
2.231445314288139343e+02
1.684506988599896431e+02
1.447297498881816864e+02
1.536981425844132900e+02
1.974335628319531679e+02
2.074538444280624390e+02
2.336845847740769386e+02
2.415012606531381607e+02
1.585650636181235313e+02
1.826000492423772812e+02
1.855192875526845455e+02
2.227040788084268570e+02
1.663898140192031860e+02
1.820164353102445602e+02
1.800458617731928825e+02
1.805686758309602737e+02
1.867097462564706802e+02
1.889886463955044746e+02
1.865850051715970039e+02
1.443553594574332237e+02
1.792068917304277420e+02
1.571041444242000580e+02
3.063820104748010635e+02
2.269369544684886648e+02
1.722186226956546307e+02
1.542386837191879749e+02
1.476489718891680241e+02
2.391933665275573730e+02
2.235904362648725510e+02
2.025814147070050240e+02
1.873033867105841637e+02
1.968980422802269459e+02
2.863777958005666733e+02
1.998765770643949509e+02
1.596633993238210678e+02
1.735529592633247375e+02
1.485752647407352924e+02
2.070280118137597754e+02
2.200138970687985420e+02
2.182953256666660309e+02
1.609780373126268387e+02
1.312993819192051888e+02
2.445339117273688316e+02
1.586395426690578461e+02
2.007972168549895571e+02
1.197138285040855408e+02
1.835334851071238518e+02
1.643479306027293205e+02
2.067400164008140564e+02
2.010824725795537518e+02
3.027038648501038551e+02
1.122675575017929077e+02
2.082903346419334412e+02
1.675106586441397667e+02
1.681774304397404194e+02
1.591117774173617363e+02
1.186102253049612187e+02
1.558119475245475769e+02
1.967913702577352524e+02
2.030525643490254879e+02
1.695049043446779251e+02
1.492469798289239407e+02
2.505979602970183180e+02
1.241993577629327774e+02
2.115061718299985216e+02
2.655916487574577332e+02
