4.730171966552734375e+01 -3.726574659347534180e+00
1.092951297760009766e+01 8.360433578491210938e+00
7.014056682586669922e+00 -1.260482311248779297e+01
4.261911010742187500e+01 1.093685626983642578e+01
7.958770751953125000e+00 -1.651310801506042480e+00
4.571191787719726562e+01 -1.428090190887451172e+01
5.376303863525390625e+01 4.206884860992431641e+00
4.001185226440429688e+01 -5.729827880859375000e+00
4.923979949951171875e+01 1.630806803703308105e+00
4.800711441040039062e+01 -1.594639587402343750e+01
3.592288208007812500e+01 -2.122838973999023438e+00
-2.768459618091583252e-01 -1.023495578765869141e+01
5.048448181152343750e+01 -8.209457397460937500e+00
-1.514217019081115723e+00 -9.051507949829101562e+00
4.092466735839843750e+01 -5.354481220245361328e+00
1.294213676452636719e+01 -2.295005798339843750e+00
1.362014865875244141e+01 5.840499877929687500e+00
4.189252471923828125e+01 7.368064880371093750e+00
-8.881020545959472656e+00 -1.575837421417236328e+01
4.301118850708007812e+01 -1.623499298095703125e+01
3.879860687255859375e+01 -7.842831611633300781e+00
3.900457763671875000e+01 9.246283531188964844e+00
1.338287162780761719e+01 -1.167631626129150391e+00
4.572542572021484375e+01 -2.041540718078613281e+01
4.478720092773437500e+01 -1.936079978942871094e+01
3.206106662750244141e+00 -6.698891162872314453e+00
4.656563186645507812e+01 2.731305360794067383e+00
4.438418579101562500e+01 -1.622904777526855469e+01
1.413563060760498047e+01 2.735186338424682617e+00
-3.775980234146118164e+00 -5.172518730163574219e+00
4.540671539306640625e+01 -1.713444137573242188e+01
-1.014276313781738281e+01 -1.122652626037597656e+01
5.551943206787109375e+01 -3.100054979324340820e+00
5.045216751098632812e+01 -8.207106590270996094e+00
5.477979183197021484e+00 -5.251021862030029297e+00
4.706989669799804688e+01 -1.225562191009521484e+01
-8.911439895629882812e+00 -1.578209590911865234e+01
1.283232879638671875e+01 2.737955093383789062e+00
4.336444091796875000e+01 5.012516498565673828e+00
6.156729221343994141e+00 8.238811492919921875e+00
4.410151290893554688e+01 -1.308473014831542969e+01
1.871572303771972656e+01 -7.089665889739990234e+00
6.704696655273437500e+00 -6.837284088134765625e+00
6.441292762756347656e+00 -1.121751594543457031e+01
2.262630653381347656e+01 4.473750114440917969e+00
3.335975265502929688e+01 -7.731187343597412109e+00
4.658204650878906250e+01 -1.397780036926269531e+01
3.802977371215820312e+01 4.145628452301025391e+00
9.078800201416015625e+00 -2.642066717147827148e+00
5.297563552856445312e+01 -5.170383453369140625e+00
1.503140449523925781e+01 -5.362725734710693359e+00
1.575464534759521484e+01 6.214148998260498047e-01
1.740646171569824219e+01 7.404962062835693359e+00
9.250149726867675781e+00 2.309976577758789062e+00
-3.310324430465698242e+00 -6.368002891540527344e-01
3.581474685668945312e+01 1.019882774353027344e+01
3.468607664108276367e+00 -1.207089614868164062e+01
4.513405227661132812e+01 -1.857578659057617188e+01
6.172771930694580078e+00 4.321745872497558594e+00
2.926092863082885742e+00 -6.719112396240234375e+00
3.710168361663818359e+00 -5.685970187187194824e-01
4.192454528808593750e+01 8.858421325683593750e+00
4.810251998901367188e+01 -1.094811916351318359e+01
3.791099166870117188e+01 -9.176188468933105469e+00
4.726994323730468750e+01 3.222781181335449219e+00
6.229655265808105469e+00 4.419133663177490234e+00
1.880380058288574219e+01 -7.165091037750244141e+00
-9.262109398841857910e-01 3.550029277801513672e+00
-3.212407827377319336e+00 -9.367888450622558594e+00
1.242451000213623047e+01 9.338739514350891113e-01
3.408943176269531250e+01 -1.079383945465087891e+01
4.581465530395507812e+01 8.035334944725036621e-01
1.699855422973632812e+01 -1.377853631973266602e+00
2.878917121887207031e+01 5.233561992645263672e+00
4.174129867553710938e+01 6.173566818237304688e+00
-7.272691726684570312e+00 -6.570741653442382812e+00
3.056933593750000000e+01 5.341895580291748047e+00
1.628742790222167969e+01 2.370135545730590820e+00
2.077511215209960938e+01 1.715209722518920898e+00
4.862194824218750000e+01 -1.752476096153259277e+00
3.963696670532226562e+01 1.037805557250976562e+01
4.085028457641601562e+01 6.115152835845947266e+00
3.672813796997070312e+01 -8.844317436218261719e+00
1.801047134399414062e+01 1.698494195938110352e+00
3.458421707153320312e+01 -2.581288576126098633e+00
3.292001724243164062e+01 -1.028228378295898438e+01
5.473014831542968750e+00 -1.144430541992187500e+01
5.512442016601562500e+01 -4.221379280090332031e+00
4.392074584960937500e+01 -1.898585891723632812e+01
3.778952407836914062e+01 6.808762073516845703e+00
5.186429977416992188e+01 -7.220104336738586426e-01
4.672091674804687500e+01 -1.643081474304199219e+01
4.009719085693359375e+01 -5.714072704315185547e+00
1.022534179687500000e+01 6.041237115859985352e-01
4.712466812133789062e+01 -2.560269355773925781e+00
3.652557373046875000e+01 5.479448795318603516e+00
3.723630523681640625e+01 8.099883079528808594e+00
3.486517715454101562e+01 -4.745736598968505859e+00
-5.581747531890869141e+00 -8.391620635986328125e+00
4.306488418579101562e+01 6.632811546325683594e+00
1.033968544006347656e+01 8.393033981323242188e+00
-4.729438781738281250e+00 -9.540085792541503906e+00
1.511768054962158203e+01 3.032985448837280273e+00
6.511606693267822266e+00 -4.643980503082275391e+00
3.496240234375000000e+01 -1.334554195404052734e+01
1.218806171417236328e+01 -6.256239414215087891e-01
3.492398023605346680e+00 -1.624364376068115234e+00
-2.635508775711059570e+00 -6.421212673187255859e+00
-1.727862477302551270e+00 -5.298829555511474609e+00
1.443028163909912109e+01 2.339741230010986328e+00
3.423090744018554688e+01 -7.198462009429931641e+00
5.386208057403564453e+00 -1.142653751373291016e+01
5.354323196411132812e+01 3.426752567291259766e+00
5.320222854614257812e+01 -2.665528297424316406e+00
-5.558005347847938538e-02 4.975166320800781250e+00
3.816983795166015625e+01 8.746586799621582031e+00
2.538007974624633789e+00 -2.667019844055175781e+00
4.446621704101562500e+01 -1.448644924163818359e+01
5.211650085449218750e+01 -3.431077718734741211e+00
3.562893676757812500e+01 -1.053715896606445312e+01
3.783198928833007812e+01 -7.848507404327392578e+00
-3.199764251708984375e+00 -1.069768905639648438e+01
5.125678634643554688e+01 -2.318177461624145508e+00
4.012923049926757812e+01 8.908941268920898438e+00
4.999616622924804688e+01 -1.743384552001953125e+01
-3.221780061721801758e+00 -6.206172704696655273e-01
4.043439865112304688e+01 5.307950973510742188e+00
-4.198842644691467285e-01 -1.436887836456298828e+01
3.829320192337036133e+00 -1.666257262229919434e+00
4.741927337646484375e+01 -3.256822347640991211e+00
1.912467002868652344e+01 4.110195636749267578e-01
4.641255950927734375e+01 -1.534575843811035156e+01
3.472782516479492188e+01 -9.264385223388671875e+00
3.757439804077148438e+01 4.756565570831298828e+00
1.073758220672607422e+01 2.674627602100372314e-01
4.820376968383789062e+01 2.988878726959228516e+00
4.096034240722656250e+01 9.633091926574707031e+00
5.363840484619140625e+01 -3.495168447494506836e+00
6.615237712860107422e+00 6.876069068908691406e+00
4.164312362670898438e+01 3.230247259140014648e+00
3.986687469482421875e+01 -1.060274505615234375e+01
4.506731796264648438e+01 -8.749827384948730469e+00
4.731615829467773438e+01 -7.528405189514160156e-01
1.232680225372314453e+01 -6.448040604591369629e-01
4.038507080078125000e+01 1.184134387969970703e+01
5.280193710327148438e+01 -5.920229434967041016e+00
5.286916732788085938e+00 -5.645412921905517578e+00
3.526226425170898438e+01 9.518691062927246094e+00
-9.502221941947937012e-01 4.091625690460205078e+00
9.435849189758300781e+00 -2.604357957839965820e+00
4.684567642211914062e+01 -3.357270002365112305e+00
4.772809219360351562e+01 -1.122090530395507812e+01
3.278165435791015625e+01 -1.035486793518066406e+01
3.751092529296875000e+01 1.138084030151367188e+01
1.050309848785400391e+01 9.066770553588867188e+00
3.740596008300781250e+01 5.572088241577148438e+00
1.669643974304199219e+01 1.600294470787048340e+00
4.418022155761718750e+00 7.825832843780517578e+00
1.507442760467529297e+01 4.394361019134521484e+00
8.593356132507324219e+00 2.309051752090454102e+00
5.531528091430664062e+01 -1.004768490791320801e+00
4.565269851684570312e+01 -1.584122753143310547e+01
4.254461669921875000e+01 1.074666118621826172e+01
1.421763324737548828e+01 5.272724032402038574e-01
1.032952022552490234e+01 4.686708450317382812e+00
4.783379745483398438e+01 -1.975018310546875000e+01
4.468986129760742188e+01 -1.457687187194824219e+01
1.100897693634033203e+01 4.203990936279296875e+00
5.027978515625000000e+01 -4.438923358917236328e+00
5.292012405395507812e+01 4.822463095188140869e-01
-7.136019706726074219e+00 -1.010620784759521484e+01
2.184579086303710938e+01 4.940283298492431641e+00
4.757425689697265625e+01 -1.741808319091796875e+01
-7.445817947387695312e+00 -1.229970836639404297e+01
5.037131500244140625e+01 1.301344990730285645e+00
4.180307769775390625e+01 -1.531696033477783203e+01
-2.984537363052368164e+00 -7.933232784271240234e+00
1.179725265502929688e+01 9.277818679809570312e+00
4.085887908935546875e+01 -8.748230934143066406e+00
-8.804154992103576660e-01 -7.376729965209960938e+00
1.374804115295410156e+01 1.968758463859558105e+00
-4.693778514862060547e+00 -4.195631027221679688e+00
4.089901733398437500e+01 4.916768550872802734e+00
1.524113655090332031e+01 -5.150117278099060059e-01
4.673376083374023438e+01 -1.255454349517822266e+01
-2.715701580047607422e+00 -6.749105930328369141e+00
3.912705612182617188e+01 8.008532524108886719e+00
4.652882385253906250e+01 -1.952909278869628906e+01
3.670792007446289062e+01 -7.203201293945312500e+00
4.067854690551757812e+01 8.033378601074218750e+00
3.781824493408203125e+01 -6.157964706420898438e+00
4.086195755004882812e+01 7.410208702087402344e+00
1.448654460906982422e+01 2.164447307586669922e+00
4.021178436279296875e+01 6.857915401458740234e+00
-3.337766170501708984e+00 -1.225844192504882812e+01
3.503617477416992188e+01 -1.218045139312744141e+01
4.734317779541015625e+01 -1.513055038452148438e+01
-5.470772743225097656e+00 -6.095324993133544922e+00
3.387979888916015625e+01 -4.619273662567138672e+00
3.767885208129882812e+01 -1.010161495208740234e+01
4.685711288452148438e+01 -1.901667213439941406e+01
4.228777408599853516e+00 -4.798866271972656250e+00
6.558136463165283203e+00 9.061224937438964844e+00
4.602111434936523438e+01 -7.731050014495849609e+00
-4.815458297729492188e+00 -6.799207687377929688e+00
4.304399490356445312e+01 -1.467972755432128906e+01
4.800185012817382812e+01 -1.635872364044189453e+00
5.510141849517822266e+00 7.507249832153320312e+00
4.769357299804687500e+01 -1.858407402038574219e+01
1.500456237792968750e+01 -4.801702499389648438e+00
3.920957183837890625e+01 7.693154335021972656e+00
3.659168624877929688e+01 -1.162948894500732422e+01
7.705361366271972656e+00 -6.985025405883789062e+00
3.839102172851562500e+01 -1.109859752655029297e+01
-5.118720054626464844e+00 -3.615496397018432617e+00
5.394974899291992188e+01 -5.317378044128417969e+00
5.365783691406250000e+01 -6.528067111968994141e+00
3.474203872680664062e+01 -7.436326980590820312e+00
3.926275253295898438e+01 -9.126357078552246094e+00
4.348009109497070312e+01 4.134805202484130859e+00
3.167647552490234375e+01 -4.103850364685058594e+00
4.269687652587890625e+01 -1.331601428985595703e+01
3.020030403137207031e+01 5.324130535125732422e+00
1.957813072204589844e+01 5.457243323326110840e-01
3.552715301513671875e+01 7.255564689636230469e+00
-2.791014671325683594e+00 -9.067701339721679688e+00
3.943573760986328125e+01 1.158265686035156250e+01
1.922786521911621094e+01 -3.883561491966247559e-01
5.404227066040039062e+01 5.404951095581054688e+00
4.379660034179687500e+01 -1.726286888122558594e+01
-1.812796831130981445e+00 -1.116243553161621094e+01
4.748878860473632812e+01 3.752278804779052734e+00
6.945927619934082031e+00 -8.642535209655761719e-01
5.111418533325195312e+01 1.568564057350158691e+00
5.013700485229492188e+01 -1.435899448394775391e+01
1.653804016113281250e+01 -1.223395824432373047e+00
5.185915374755859375e+01 -1.588080501556396484e+01
3.868231964111328125e+01 4.424174785614013672e+00
3.548488616943359375e+01 -8.703472137451171875e+00
4.761126327514648438e+01 -1.394812965393066406e+01
3.643317794799804688e+01 -8.305058479309082031e+00
5.053102493286132812e+01 -1.891182661056518555e-01
4.934445953369140625e+01 -1.641490554809570312e+01
5.491040039062500000e+01 -2.159448146820068359e+00
-6.159653663635253906e+00 -9.747007369995117188e+00
3.933803796768188477e+00 -1.176637458801269531e+01
-4.579110622406005859e+00 -8.684539794921875000e+00
1.419065189361572266e+01 -8.406354904174804688e+00
-1.733241677284240723e+00 -6.175392270088195801e-01
4.307002258300781250e+01 7.194015502929687500e+00
5.458025360107421875e+01 -1.251491308212280273e+00
-9.002213478088378906e+00 -8.591592788696289062e+00
3.563921737670898438e+01 -1.149649524688720703e+01
5.131410217285156250e+01 -4.053940773010253906e+00
9.656732559204101562e+00 -4.151647567749023438e+00
5.369405364990234375e+01 3.995887517929077148e+00
5.070956420898437500e+01 3.158494234085083008e+00
-7.090268611907958984e+00 -8.046743392944335938e+00
-5.240396022796630859e+00 -1.156727313995361328e+01
3.579106521606445312e+01 -4.947749137878417969e+00
5.198895645141601562e+01 2.788958072662353516e+00
1.758021354675292969e+01 3.687411069869995117e+00
2.762224006652832031e+01 5.169223308563232422e+00
1.404955482482910156e+01 -7.422513365745544434e-01
4.568577575683593750e+01 -1.763863372802734375e+01
-8.454811573028564453e-01 -1.414794445037841797e+01
5.090022563934326172e+00 -1.883458256721496582e+00
1.287795352935791016e+01 3.730820894241333008e+00
9.503486633300781250e+00 8.021115303039550781e+00
2.297778129577636719e+01 4.456282615661621094e+00
4.307217025756835938e+01 8.884750366210937500e+00
4.627521133422851562e+01 -1.752624320983886719e+01
1.966993904113769531e+01 9.175177812576293945e-01
4.954375839233398438e+01 -1.358980083465576172e+01
3.589853668212890625e+01 -7.348544120788574219e+00
3.910093307495117188e+01 6.400053977966308594e+00
4.984402465820312500e+01 -2.937104701995849609e+00
1.749152946472167969e+01 7.587809562683105469e-01
5.245931243896484375e+01 3.930262327194213867e-01
3.916875076293945312e+01 6.048129558563232422e+00
5.295347976684570312e+01 -2.255537033081054688e+00
4.428529739379882812e+01 -1.084960937500000000e+01
1.088262939453125000e+01 -2.449969291687011719e+00
2.098850440979003906e+01 -1.209838271141052246e+00
-4.563245773315429688e+00 -1.100563430786132812e+01
3.822323608398437500e+01 7.902733802795410156e+00
1.571383476257324219e+01 5.190261840820312500e+00
4.384711074829101562e+01 -1.101497745513916016e+01
5.174669647216796875e+01 -4.328218460083007812e+00
4.918278503417968750e+01 -1.039296865463256836e+00
1.242867374420166016e+01 -1.604614973068237305e+00
3.937690258026123047e+00 2.076995670795440674e-01
4.041007232666015625e+01 2.984684228897094727e+00
3.958779525756835938e+01 1.131043243408203125e+01
3.694879913330078125e+01 -9.148190498352050781e+00
1.672500228881835938e+01 8.359286308288574219e+00
-5.885537266731262207e-01 -4.616351127624511719e+00
3.773996353149414062e+01 9.343643188476562500e+00
3.516648101806640625e+01 -1.320754528045654297e+01
1.843144989013671875e+01 8.016073226928710938e+00
3.608629608154296875e+01 -1.008143711090087891e+01
1.742186546325683594e+01 7.130994319915771484e+00
5.099140930175781250e+01 -1.426483631134033203e+00
3.539675521850585938e+01 -3.182908058166503906e+00
1.183771705627441406e+01 2.415829658508300781e+00
4.157857131958007812e+01 -1.789323616027832031e+01
4.423479843139648438e+01 8.895218849182128906e+00
4.534017562866210938e+01 -1.358346462249755859e+01
4.926253509521484375e+01 -1.990433883666992188e+01
1.331549072265625000e+01 -2.351784944534301758e+00
3.500653076171875000e+01 -3.709894657135009766e+00
5.018605422973632812e+01 -1.374289894104003906e+01
3.812825012207031250e+01 -1.299035167694091797e+01
-4.657802581787109375e+00 -9.583896636962890625e+00
4.593050384521484375e+01 -2.699278891086578369e-01
4.153115844726562500e+01 -1.478247737884521484e+01
-4.474936485290527344e+00 -8.370922088623046875e+00
3.744044542312622070e+00 -7.502102375030517578e+00
4.388211441040039062e+01 -1.471191310882568359e+01
8.040325164794921875e+00 -2.083383083343505859e+00
-2.702476692199707031e+01 1.278700923919677734e+01
-3.805112075805664062e+01 1.726755905151367188e+01
-1.354006958007812500e+01 -2.803352117538452148e+00
-2.157728767395019531e+01 -1.865606784820556641e+00
-3.733036804199218750e+01 2.440663337707519531e+00
-1.402243423461914062e+01 2.658507823944091797e+00
-2.455013084411621094e+01 -8.513247489929199219e+00
-3.344837570190429688e+01 2.829897642135620117e+00
-3.475537490844726562e+01 -1.151421070098876953e+01
-1.922469329833984375e+01 -1.500167846679687500e+00
-2.240244674682617188e+01 1.157047939300537109e+01
-2.934454345703125000e+01 -3.624828159809112549e-01
-3.977363204956054688e+01 -4.920681953430175781e+00
-1.130231666564941406e+01 -2.525682210922241211e+00
-2.134280967712402344e+01 -7.702622890472412109e+00
-2.681583213806152344e+01 1.279566001892089844e+01
-1.947286605834960938e+01 9.205345153808593750e+00
-1.820653533935546875e+01 -7.711368083953857422e+00
-2.105988693237304688e+01 -6.286289215087890625e+00
-4.140414714813232422e+00 1.036785030364990234e+01
-2.711035537719726562e+01 1.286880874633789062e+01
-1.687087249755859375e+01 2.797909259796142578e+00
-4.327398681640625000e+01 1.509040743112564087e-01
-2.398176193237304688e+01 -3.218943357467651367e+00
-1.116327762603759766e+01 -3.836090803146362305e+00
-2.836060905456542969e+01 -1.112438201904296875e+01
-4.028759765625000000e+01 -3.866819143295288086e+00
-2.278873062133789062e+01 1.443375682830810547e+01
-2.010804176330566406e+01 5.866796493530273438e+00
-2.105776596069335938e+01 9.744582176208496094e+00
-3.722259521484375000e+01 3.449181318283081055e+00
-1.312307739257812500e+01 6.475176334381103516e+00
-2.159293365478515625e+01 -1.913474082946777344e+00
-3.165321350097656250e+01 -1.264082050323486328e+01
-1.844063162803649902e+00 5.176934719085693359e+00
-2.087654685974121094e+01 3.979819297790527344e+00
-1.333248329162597656e+01 -6.019092559814453125e+00
-2.682578849792480469e+01 -4.252555370330810547e-01
-2.659726905822753906e+01 6.346317291259765625e+00
-3.618643188476562500e+01 1.620555114746093750e+01
-1.435062026977539062e+01 1.043969169259071350e-01
-4.306591796875000000e+01 4.871090412139892578e+00
-8.010938644409179688e+00 7.246613979339599609e+00
-1.556025028228759766e+01 1.598213464021682739e-01
-2.624154663085937500e+01 3.362772226333618164e+00
-3.457518386840820312e+01 5.941577911376953125e+00
-7.812771320343017578e+00 1.546205329895019531e+01
-1.681527900695800781e+01 -1.153791618347167969e+01
8.531395912170410156e+00 -7.449829578399658203e+00
-3.280558776855468750e+01 1.308101940155029297e+01
-3.918536758422851562e+01 9.511486053466796875e+00
-2.062688827514648438e+01 9.783390045166015625e+00
-2.624592971801757812e+01 -2.245311260223388672e+00
-1.962989044189453125e+01 2.035029792785644531e+01
-2.748514747619628906e+01 2.642772674560546875e+00
-2.598603057861328125e+01 2.094323730468750000e+01
-8.392162322998046875e+00 6.375862121582031250e+00
-3.706531524658203125e+01 2.100561141967773438e+01
-3.282644271850585938e+01 -5.327507495880126953e+00
-2.313076591491699219e+01 3.893745660781860352e+00
-1.858215904235839844e+01 1.252233982086181641e+01
-3.045841979980468750e+01 -5.029256343841552734e+00
-2.698901748657226562e+01 1.814356613159179688e+01
-3.082490348815917969e+01 2.019974136352539062e+01
-2.353218269348144531e+01 -1.083303737640380859e+01
-2.385779953002929688e+01 1.144592571258544922e+01
-2.382765579223632812e+01 -7.385245800018310547e+00
-4.211036300659179688e+01 -3.771696329116821289e+00
-3.068413543701171875e+01 -6.971737384796142578e+00
1.060579586029052734e+01 1.193618106842041016e+01
-3.217173767089843750e+01 1.524372816085815430e+00
-2.481674957275390625e+01 9.442146301269531250e+00
-1.926024627685546875e+01 -1.171084213256835938e+01
-2.042432785034179688e+01 4.739347457885742188e+00
-1.935480880737304688e+01 1.081980419158935547e+01
-3.080117607116699219e+01 2.018672752380371094e+01
-1.330156707763671875e+01 -4.736387729644775391e+00
-3.093783569335937500e+01 4.782351970672607422e+00
-2.419413948059082031e+01 1.180471897125244141e+00
-2.403515815734863281e+01 -1.608162117004394531e+01
-2.992116355895996094e+01 -1.043889141082763672e+01
-1.661029052734375000e+01 8.362054824829101562e+00
-2.062793350219726562e+01 -4.833486557006835938e+00
-2.892891311645507812e+01 5.453667640686035156e+00
-2.762505722045898438e+01 1.479657411575317383e+00
-1.505759906768798828e+01 7.916144847869873047e+00
-2.892172622680664062e+01 -3.599356889724731445e+00
-4.219640731811523438e+01 -5.204720973968505859e+00
-2.095256614685058594e+01 1.291790771484375000e+01
-1.917508697509765625e+01 -1.545872211456298828e+00
-2.893946647644042969e+01 6.024649143218994141e+00
-1.675443267822265625e+01 -9.817618370056152344e+00
-1.851872825622558594e+01 -8.970393180847167969e+00
-2.968495941162109375e+01 2.366285324096679688e+00
-2.015386962890625000e+01 7.950088500976562500e+00
-3.722613143920898438e+01 1.713301467895507812e+01
-2.847716903686523438e+01 -3.030253410339355469e+00
-4.209631347656250000e+01 5.450844287872314453e+00
-2.820065879821777344e+01 -6.059253692626953125e+00
-3.011592864990234375e+01 7.223299026489257812e+00
-3.200118255615234375e+01 -1.434106922149658203e+01
-3.776440429687500000e+01 1.688386535644531250e+01
-8.134590148925781250e+00 1.705571556091308594e+01
-1.321733474731445312e+01 -4.255283355712890625e+00
-1.926820755004882812e+01 -6.274196147918701172e+00
-1.698043823242187500e+01 -1.195341162383556366e-02
-3.071026611328125000e+01 -8.719379305839538574e-01
-1.833390998840332031e+01 4.445473194122314453e+00
-1.521362304687500000e+01 1.382409381866455078e+01
-3.949482727050781250e+01 -9.766469955444335938e+00
-2.491127967834472656e+01 9.380802154541015625e+00
-2.877912139892578125e+01 -4.950036525726318359e+00
-3.968471527099609375e+01 -3.822846412658691406e+00
-3.550852966308593750e+01 5.450448513031005859e+00
-1.397479724884033203e+01 1.335702228546142578e+01
-8.491326332092285156e+00 1.628610610961914062e+01
9.867837905883789062e+00 1.267607212066650391e+01
-4.347263717651367188e+01 -3.048666715621948242e+00
-1.443029975891113281e+01 8.804661750793457031e+00
-8.511707305908203125e+00 1.599492549896240234e+01
-1.777126121520996094e+01 4.527209758758544922e+00
-4.259436035156250000e+01 -3.648186206817626953e+00
-3.537945175170898438e+01 8.231622695922851562e+00
-3.167275810241699219e+01 9.348539352416992188e+00
-1.064394855499267578e+01 4.287999629974365234e+00
-1.341122150421142578e+01 1.136854553222656250e+01
-6.622499465942382812e+00 1.813184165954589844e+01
-2.675923347473144531e+01 -4.040125370025634766e+00
-2.302358818054199219e+01 1.282693195343017578e+01
-1.669398689270019531e+01 -3.033237457275390625e+00
-1.547883510589599609e+01 1.023046588897705078e+01
-1.581338787078857422e+01 1.730219650268554688e+01
-2.242343330383300781e+01 1.191044330596923828e+01
-4.093989944458007812e+01 8.636891365051269531e+00
-1.755661201477050781e+01 8.673374176025390625e+00
-2.672205543518066406e+01 -1.842309379577636719e+01
-1.894126510620117188e+01 -1.158691024780273438e+01
-1.801348304748535156e+01 -9.175925254821777344e+00
-3.206132507324218750e+01 1.310171508789062500e+01
-2.273520660400390625e+01 -1.631717872619628906e+01
-1.304984664916992188e+01 -5.790842533111572266e+00
-2.027696609497070312e+01 2.193757629394531250e+01
-1.365016078948974609e+01 -2.883884906768798828e+00
-1.354911231994628906e+01 2.026123106479644775e-01
-2.347097969055175781e+01 -9.790802001953125000e+00
-2.602774047851562500e+01 3.150040388107299805e+00
-2.677641487121582031e+01 8.970346450805664062e+00
-1.966192817687988281e+01 4.595358848571777344e+00
-2.773703193664550781e+01 1.153243732452392578e+01
-4.253777313232421875e+01 6.753709793090820312e+00
-3.524479675292968750e+01 -8.166603088378906250e+00
-1.600032997131347656e+01 6.173153400421142578e+00
-2.542580223083496094e+01 1.840800285339355469e+01
-3.098027420043945312e+01 -3.108702898025512695e+00
-2.370612907409667969e+01 -4.788873672485351562e+00
-2.898424530029296875e+01 -1.067812156677246094e+01
-3.373834228515625000e+01 3.434613227844238281e+00
-2.294759941101074219e+01 6.352716922760009766e+00
-1.530338382720947266e+01 7.518934726715087891e+00
-2.729362106323242188e+01 2.814019322395324707e-01
-1.474999332427978516e+01 2.195490837097167969e+01
-2.418412780761718750e+01 -7.480716228485107422e+00
-3.459876251220703125e+01 -9.598140716552734375e+00
-3.067572402954101562e+01 -9.820319175720214844e+00
-1.335636997222900391e+01 5.903151988983154297e+00
-8.517865180969238281e+00 1.902746081352233887e+00
-1.660744476318359375e+01 1.300608634948730469e+01
-2.673194694519042969e+01 5.641574382781982422e+00
-2.095174789428710938e+01 -1.746717453002929688e+01
-1.078363323211669922e+01 -4.172016084194183350e-01
-2.673302650451660156e+01 -1.842349243164062500e+01
-3.339661407470703125e+01 -5.453093051910400391e-01
-2.549904060363769531e+01 1.312921142578125000e+01
-2.087129592895507812e+01 1.941041946411132812e+01
-1.615077781677246094e+01 6.420277118682861328e+00
-1.308105850219726562e+01 -2.777935504913330078e+00
-1.445321846008300781e+01 1.928966760635375977e+00
-3.518860244750976562e+01 -1.209063053131103516e+01
-2.840749931335449219e+01 3.872058153152465820e+00
-1.000391769409179688e+01 1.607999229431152344e+01
-1.874363517761230469e+01 -1.966990232467651367e+00
-2.610804939270019531e+01 2.004278755187988281e+01
-2.622674751281738281e+01 2.251035499572753906e+01
-8.516716003417968750e+00 1.748863029479980469e+01
-2.957907676696777344e+01 -1.261649847030639648e+00
-1.436330223083496094e+01 5.022188186645507812e+00
-3.848016023635864258e+00 3.977626264095306396e-01
-2.895782661437988281e+01 3.361766815185546875e+00
-2.346657752990722656e+01 1.631853294372558594e+01
-1.167217636108398438e+01 1.123697757720947266e+01
-1.902283096313476562e+01 1.750646209716796875e+01
-1.945403289794921875e+01 2.433791399002075195e+00
-2.279647827148437500e+01 1.061729812622070312e+01
-2.606748580932617188e+01 6.296633720397949219e+00
-3.765076446533203125e+01 1.020070362091064453e+01
-2.882873344421386719e+01 2.442284584045410156e+00
-1.167057418823242188e+01 8.454133033752441406e+00
-9.119314193725585938e+00 3.262253046035766602e+00
-2.643299293518066406e+01 5.590313434600830078e+00
-2.617116355895996094e+01 1.454286098480224609e+00
-3.411465835571289062e+01 -9.457881927490234375e+00
-2.096649360656738281e+01 -6.128870010375976562e+00
-1.554516792297363281e+01 8.255755424499511719e+00
-3.706735992431640625e+01 1.845252227783203125e+01
-2.029642295837402344e+01 2.201062774658203125e+01
-1.251568698883056641e+01 1.106903195381164551e+00
-3.149232482910156250e+01 1.656511306762695312e+01
-5.244931697845458984e+00 -1.318124008178710938e+01
-2.049673843383789062e+01 -8.589218139648437500e+00
-2.099954414367675781e+01 1.242528152465820312e+01
-1.257653236389160156e+01 1.424927902221679688e+01
-2.096443939208984375e+01 1.102571845054626465e+00
-2.189734840393066406e+01 -1.743814706802368164e+00
-3.805530929565429688e+01 1.584984493255615234e+01
-2.493120384216308594e+01 -6.079004764556884766e+00
-4.438946533203125000e+01 4.248884201049804688e+00
-1.202409458160400391e+01 2.811214685440063477e+00
-3.460707092285156250e+01 5.858680725097656250e+00
-9.367732048034667969e+00 1.779714965820312500e+01
-1.376015567779541016e+01 5.947515487670898438e+00
-4.192955780029296875e+01 -3.171685695648193359e+00
-3.199299621582031250e+01 1.310316658020019531e+01
-4.143327331542968750e+01 5.309093475341796875e+00
-2.016342353820800781e+01 -4.502064228057861328e+00
-7.428837299346923828e+00 7.602241516113281250e+00
-2.095236206054687500e+01 5.128848552703857422e+00
-2.033777236938476562e+01 1.392777252197265625e+01
-3.209640884399414062e+01 9.536437034606933594e+00
-3.192750167846679688e+01 1.867065072059631348e+00
-3.075039100646972656e+01 9.777791976928710938e+00
-1.573681926727294922e+01 2.242318153381347656e+00
-3.938689804077148438e+01 -9.865476608276367188e+00
-3.534900665283203125e+01 8.190796852111816406e+00
-3.375210189819335938e+01 3.714981973171234131e-01
-2.918327522277832031e+01 -4.365261554718017578e+00
-3.687497329711914062e+01 6.181462287902832031e+00
-2.744787979125976562e+01 9.127414703369140625e+00
-1.659103202819824219e+01 -1.125701814889907837e-01
-8.843457221984863281e+00 1.427996349334716797e+01
-2.170287132263183594e+01 7.346524596214294434e-01
-2.293619537353515625e+01 3.817112922668457031e+00
-1.618429946899414062e+01 1.270845794677734375e+01
-1.442528247833251953e+01 1.048956966400146484e+01
-3.199286651611328125e+01 -1.429162406921386719e+01
-1.652874374389648438e+01 -9.763364791870117188e+00
-2.360201072692871094e+01 -1.736416053771972656e+01
-3.419327926635742188e+01 -9.285800933837890625e+00
-2.326121520996093750e+01 5.960221767425537109e+00
-2.584733390808105469e+01 2.155215072631835938e+01
-1.834182739257812500e+01 -6.620092868804931641e+00
-2.534033584594726562e+01 2.234398460388183594e+01
-2.812175750732421875e+01 1.310470294952392578e+01
-2.962198829650878906e+01 -1.149111866950988770e+00
-3.302396774291992188e+01 -4.888833999633789062e+00
-1.258119106292724609e+01 -9.922473877668380737e-02
-3.790294265747070312e+01 5.447753429412841797e+00
-2.008082771301269531e+01 7.759194076061248779e-02
-2.198256111145019531e+01 -1.743838310241699219e+01
-2.767071533203125000e+01 3.171849727630615234e+00
-2.769607162475585938e+01 -3.551609039306640625e+00
-2.786176681518554688e+01 -2.604185819625854492e+00
-3.288341140747070312e+01 9.790506362915039062e+00
-1.811783218383789062e+01 -5.425110340118408203e+00
-1.523822975158691406e+01 -3.443123400211334229e-01
-2.050714874267578125e+01 8.034543037414550781e+00
-3.056509971618652344e+01 4.101611614227294922e+00
-2.960991859436035156e+01 6.830620765686035156e+00
-2.860518836975097656e+01 9.031340479850769043e-01
-2.621266746520996094e+01 1.473337268829345703e+01
-2.273908233642578125e+01 -1.787253189086914062e+01
-3.800339889526367188e+01 3.823925733566284180e+00
-2.143059730529785156e+00 5.574976444244384766e+00
-1.474521827697753906e+01 2.195126533508300781e+01
-3.196290969848632812e+01 -6.451966762542724609e+00
-1.606284141540527344e+01 2.143071889877319336e+00
-4.336312770843505859e+00 -9.086773544549942017e-02
-3.753957748413085938e+01 1.051539802551269531e+01
-3.474857711791992188e+01 -4.453100681304931641e+00
-2.333947563171386719e+01 -1.787048339843750000e+01
-2.496884918212890625e+01 -5.942337036132812500e+00
-2.570568656921386719e+01 -1.793602824211120605e+00
-8.734017372131347656e+00 3.407671928405761719e+00
-2.467931938171386719e+01 4.535851478576660156e+00
-3.249454116821289062e+01 2.026088476181030273e+00
-2.924831390380859375e+01 -7.660690307617187500e+00
-2.471667861938476562e+01 1.541219520568847656e+01
-2.354371452331542969e+01 5.114326953887939453e+00
-7.346775531768798828e+00 1.681591415405273438e+01
-8.850911140441894531e+00 4.369535446166992188e+00
-1.845462989807128906e+01 7.079812526702880859e+00
-1.924992942810058594e+01 1.683478164672851562e+01
-2.029328155517578125e+01 1.925902247428894043e+00
-1.905798149108886719e+01 -9.043735504150390625e+00
-2.407757949829101562e+01 -3.206589221954345703e+00
-1.366475963592529297e+01 5.125092506408691406e+00
-1.334951591491699219e+01 -6.369174957275390625e+00
-2.414231300354003906e+01 1.842598557472229004e+00
1.097822952270507812e+01 1.186094665527343750e+01
-3.365549468994140625e+01 6.046987771987915039e-01
-4.341866683959960938e+01 4.203457832336425781e+00
-1.106951427459716797e+01 1.568131351470947266e+01
-2.159598922729492188e+01 1.069958114624023438e+01
-3.662478256225585938e+01 -3.853619337081909180e+00
-3.665008926391601562e+01 5.650334835052490234e+00
-3.922118377685546875e+01 1.770917129516601562e+01
-1.096455383300781250e+01 -2.756091356277465820e+00
-1.484563350677490234e+01 5.923817634582519531e+00
-9.298916816711425781e+00 3.057642698287963867e+00
-4.233646774291992188e+01 -2.412925481796264648e+00
-2.354314994812011719e+01 -1.559190368652343750e+01
-2.033085250854492188e+01 -1.208429908752441406e+01
-1.408875656127929688e+01 1.074739265441894531e+01
-8.834492683410644531e+00 4.947280883789062500e+00
-3.147447395324707031e+01 -7.958659172058105469e+00
-3.981978988647460938e+01 -4.616958618164062500e+00
-2.650024795532226562e+01 1.496269989013671875e+01
-3.706682205200195312e+01 2.097723770141601562e+01
-2.359556770324707031e+01 6.935740947723388672e+00
-9.075170516967773438e+00 1.681012153625488281e+00
-4.328692245483398438e+01 1.582061499357223511e-01
