1.174201126098632812e+02 -1.498286342620849609e+01 -1.511474800109863281e+01
2.115664863586425781e+01 -8.792915344238281250e+00 5.098780155181884766e+00
1.433168125152587891e+01 -2.137155151367187500e+01 6.476603698730468750e+01
6.649440765380859375e+01 -9.348364830017089844e+00 9.470328330993652344e+00
6.032719612121582031e+00 3.848998641967773438e+01 -1.360684585571289062e+01
2.747570419311523438e+01 -9.872075653076171875e+01 2.230542373657226562e+01
7.237843322753906250e+01 2.302736663818359375e+01 -2.944011926651000977e+00
6.168569946289062500e+01 -4.564466094970703125e+01 7.014136505126953125e+01
9.974941253662109375e+01 2.137107658386230469e+01 -4.900068664550781250e+01
7.630342102050781250e+01 2.824407768249511719e+01 6.565333557128906250e+01
-6.677509784698486328e+00 -6.612145996093750000e+01 7.262225341796875000e+01
1.376129508018493652e+00 -6.911856842041015625e+01 4.685792446136474609e+00
9.179203796386718750e+01 1.673516392707824707e+00 3.600216674804687500e+01
2.172685432434082031e+01 6.894861221313476562e+00 5.085434722900390625e+01
5.694318389892578125e+01 -3.455073547363281250e+01 7.939848327636718750e+01
3.047401428222656250e+01 2.854875373840332031e+01 -1.280512619018554688e+01
5.081406784057617188e+01 2.064789009094238281e+01 -3.198334503173828125e+01
7.951832580566406250e+01 -3.106625938415527344e+01 -1.405262184143066406e+01
-6.314044475555419922e+00 4.331204414367675781e+00 1.705163764953613281e+01
3.533900833129882812e+01 -5.294688224792480469e+00 6.430257415771484375e+01
5.312631225585937500e+01 -6.917562103271484375e+01 6.319347381591796875e+01
5.251644897460937500e+01 -4.682247543334960938e+01 -2.824888038635253906e+01
3.382755661010742188e+01 1.961520957946777344e+01 -2.282386589050292969e+01
4.944121170043945312e+01 4.766619873046875000e+01 2.697561836242675781e+01
4.067036056518554688e+01 4.993156814575195312e+01 4.025365066528320312e+01
1.241129207611083984e+01 -8.358090400695800781e+00 8.264444732666015625e+01
8.131238555908203125e+01 1.625904560089111328e+00 -4.061473464965820312e+01
4.067176818847656250e+01 2.017384529113769531e+01 5.679193878173828125e+01
-4.372127151489257812e+01 5.624008178710937500e+01 -1.632880554199218750e+02
6.286690235137939453e+00 -6.587438964843750000e+01 -3.400548934936523438e+01
4.021128082275390625e+01 3.685964965820312500e+01 6.601445007324218750e+01
-1.161375141143798828e+01 -1.097671661376953125e+02 -1.812977075576782227e+00
1.076725082397460938e+02 3.539033508300781250e+01 1.206938266754150391e+01
9.982379913330078125e+01 8.009652137756347656e+00 3.985603713989257812e+01
1.174271869659423828e+01 5.993687057495117188e+01 -4.123386383056640625e+01
4.692282867431640625e+01 3.844103240966796875e+01 8.450309753417968750e+01
-8.397198319435119629e-01 1.293049812316894531e+01 1.854244995117187500e+01
4.719819641113281250e+01 5.208867263793945312e+01 -2.604955673217773438e+01
7.351840209960937500e+01 -1.813360214233398438e+01 -2.382831382751464844e+01
1.154488086700439453e+01 -4.095616531372070312e+01 -8.710971832275390625e+00
6.332629394531250000e+01 1.664729309082031250e+01 6.137985610961914062e+01
2.905872535705566406e+01 -8.084074020385742188e+00 2.970872688293457031e+01
3.892184448242187500e+01 7.513436126708984375e+01 -5.952805519104003906e+00
1.645276260375976562e+01 -1.510824966430664062e+01 4.923837280273437500e+01
5.096969604492187500e+01 -3.157725185155868530e-02 -5.934448242187500000e+01
2.118595123291015625e+01 -6.826216125488281250e+01 2.383708953857421875e+01
5.611214828491210938e+01 2.434300804138183594e+01 8.210294342041015625e+01
5.934248733520507812e+01 -2.771953201293945312e+01 1.150647354125976562e+01
2.513484573364257812e+01 5.264576339721679688e+01 -1.386572551727294922e+01
9.989976501464843750e+01 8.326749801635742188e+00 1.709389495849609375e+01
1.830326843261718750e+01 2.819106101989746094e+00 2.203933334350585938e+01
3.248791122436523438e+01 1.425106239318847656e+01 -8.075302124023437500e+01
5.205177307128906250e+01 4.111155700683593750e+01 -4.466827011108398438e+01
2.436156654357910156e+01 5.193341732025146484e+00 -4.395075607299804688e+01
1.581441116333007812e+01 6.858444976806640625e+01 6.618595886230468750e+01
4.912638092041015625e+01 -1.348466396331787109e+01 8.143403053283691406e+00
4.942101955413818359e+00 1.530742549896240234e+01 7.925101470947265625e+01
3.849834442138671875e+01 3.504691696166992188e+01 3.652981185913085938e+01
2.989921379089355469e+01 6.655471801757812500e+01 -3.009859848022460938e+01
1.456268882751464844e+01 7.437582397460937500e+01 2.614228439331054688e+01
1.050733852386474609e+01 5.047008132934570312e+01 1.620617103576660156e+01
4.723897171020507812e+01 -1.672515869140625000e+01 -1.689682388305664062e+01
2.784223747253417969e+01 4.276903915405273438e+01 7.669012451171875000e+01
-7.535093784332275391e+00 8.775167083740234375e+01 -2.952288436889648438e+01
7.299843597412109375e+01 1.251493072509765625e+01 -4.156491088867187500e+01
2.774320030212402344e+01 7.038012695312500000e+01 -1.994558715820312500e+01
2.157966804504394531e+01 -1.625794410705566406e+01 3.383588027954101562e+01
-1.315965557098388672e+01 -2.904938888549804688e+01 9.615536499023437500e+01
-8.824162483215332031e+00 -8.039140319824218750e+01 -1.816075134277343750e+01
3.390495300292968750e+01 3.759712600708007812e+01 -2.614015579223632812e+01
2.968860054016113281e+01 -5.026833724975585938e+01 7.466955566406250000e+01
9.577763366699218750e+01 -4.591536045074462891e+00 -4.828863525390625000e+01
2.045595550537109375e+01 3.551900100708007812e+01 -6.051433563232421875e+01
6.269778823852539062e+01 -8.297078132629394531e+00 -6.478359985351562500e+01
6.844742584228515625e+01 -3.120720481872558594e+01 -3.023940324783325195e+00
3.496972322463989258e+00 3.965645217895507812e+01 6.418483734130859375e+01
8.304108428955078125e+01 -1.545008277893066406e+01 -5.391278839111328125e+01
3.596910476684570312e+01 1.700202560424804688e+01 -6.113099670410156250e+01
6.010842895507812500e+01 4.148704910278320312e+01 -7.492924499511718750e+01
1.089063415527343750e+02 -1.548506736755371094e+00 -2.390462303161621094e+01
4.102989578247070312e+01 -3.605858993530273438e+01 -3.267138671875000000e+01
6.366231918334960938e+01 -3.371536636352539062e+01 -1.788992118835449219e+01
3.729733276367187500e+01 -6.831643676757812500e+01 5.304937362670898438e+01
4.553131103515625000e+01 3.125760269165039062e+01 -6.400696563720703125e+01
7.274145126342773438e+00 -6.046495819091796875e+01 7.764271545410156250e+01
3.286395263671875000e+01 -6.615692901611328125e+01 7.112998962402343750e+01
6.641304492950439453e+00 -5.499028682708740234e+00 6.201724624633789062e+01
1.160413665771484375e+02 2.592618370056152344e+01 1.566562080383300781e+01
3.351404571533203125e+01 2.252304649353027344e+01 4.019152069091796875e+01
5.667154693603515625e+01 -2.589444732666015625e+01 -3.061712646484375000e+01
9.019768524169921875e+01 -1.075947856903076172e+01 -9.797609329223632812e+00
9.343465423583984375e+01 2.054749298095703125e+01 1.266495056152343750e+02
5.354468917846679688e+01 -4.708125305175781250e+01 7.682421112060546875e+01
1.095928573608398438e+01 7.369074249267578125e+01 -7.054990291595458984e+00
1.042978134155273438e+02 -2.023447990417480469e+01 -2.463447189331054688e+01
4.017279815673828125e+01 -3.572012710571289062e+01 1.509557819366455078e+01
5.331513595581054688e+01 -5.828872680664062500e+01 -2.125413513183593750e+01
1.646904373168945312e+01 -6.650585937500000000e+01 5.494937896728515625e+01
-7.588129520416259766e+00 -1.018308105468750000e+02 -2.386677742004394531e+01
7.323587799072265625e+01 -1.931538772583007812e+01 -7.400927066802978516e+00
1.506077003479003906e+01 -1.638422012329101562e+01 -7.566951513290405273e-01
-4.170050144195556641e+00 -9.459072113037109375e+01 -9.264892578125000000e+00
4.481106567382812500e+01 1.648317527770996094e+01 -4.799526214599609375e+01
1.841443443298339844e+01 7.781638336181640625e+01 -4.706698608398437500e+01
5.914249801635742188e+01 -8.610748291015625000e+01 1.393226814270019531e+01
2.677487182617187500e+01 2.055248641967773438e+01 8.791734576225280762e-01
2.677221775054931641e+00 3.763825607299804688e+01 2.196339607238769531e+01
1.213438987731933594e+01 -7.797702026367187500e+01 -2.479104804992675781e+01
2.594230079650878906e+01 -7.846429443359375000e+01 -2.568792915344238281e+01
4.252816009521484375e+01 2.935416221618652344e+01 -4.302451324462890625e+01
2.255683326721191406e+01 -7.902140808105468750e+01 3.668446350097656250e+01
-5.632238864898681641e+00 7.181159973144531250e+01 -4.359700775146484375e+01
7.652339935302734375e+01 1.316478729248046875e+01 -9.039706230163574219e+00
-1.132759017944335938e+02 -4.512811279296875000e+01 3.544164657592773438e+01
-1.070026016235351562e+01 -8.401016235351562500e+00 9.958810424804687500e+01
3.711562728881835938e+01 -4.383203506469726562e+01 -1.739500999450683594e+01
1.553129482269287109e+01 2.329709053039550781e+01 1.668059349060058594e+01
5.134025955200195312e+01 8.002006530761718750e+00 7.071057128906250000e+01
1.160212860107421875e+02 2.036542892456054688e+01 -1.836603879928588867e-01
3.743763351440429688e+01 -3.601256942749023438e+01 6.434678649902343750e+01
5.171215057373046875e+01 -5.697340393066406250e+01 5.138295745849609375e+01
1.502777862548828125e+01 -9.948452758789062500e+01 -1.612556838989257812e+01
1.026443862915039062e+02 1.644239997863769531e+01 -7.417466640472412109e+00
4.792132186889648438e+01 -3.223232269287109375e+01 -2.036650276184082031e+01
6.684321594238281250e+01 6.767437744140625000e+01 4.267047882080078125e+01
1.404677963256835938e+01 6.663618469238281250e+01 5.633609390258789062e+01
-1.199453887939453125e+02 7.559188842773437500e+00 -4.951041030883789062e+01
4.731302738189697266e+00 3.881120300292968750e+01 -5.780867385864257812e+01
9.182852935791015625e+01 -4.069049453735351562e+01 4.177244949340820312e+01
1.130110626220703125e+02 -2.613942146301269531e+01 -1.720601272583007812e+01
3.670666885375976562e+01 4.577265167236328125e+01 -6.614144134521484375e+01
5.637581253051757812e+01 2.971099472045898438e+01 6.927598571777343750e+01
4.768841934204101562e+01 -6.170354843139648438e+01 2.987357330322265625e+01
5.521744918823242188e+01 -3.612032318115234375e+01 2.169140243530273438e+01
9.983628273010253906e+00 6.409020996093750000e+01 1.143820881843566895e+00
8.034103393554687500e+01 1.961231422424316406e+01 -4.846635055541992188e+01
5.493278884887695312e+01 -3.845315170288085938e+01 -4.471056747436523438e+01
1.065334396362304688e+02 1.572875022888183594e+01 2.866876029968261719e+01
9.924154281616210938e+00 -2.553329658508300781e+01 -7.498188972473144531e+00
6.615615844726562500e+01 -1.995173454284667969e+01 -4.225997543334960938e+01
6.138185501098632812e+01 -7.549787139892578125e+01 4.398200988769531250e+01
7.915535736083984375e+01 4.895642852783203125e+01 2.719416236877441406e+01
9.020212554931640625e+01 -1.498835182189941406e+01 -3.417036056518554688e+01
3.796849441528320312e+01 2.191589164733886719e+01 4.545061886310577393e-01
3.703447723388671875e+01 -1.666429519653320312e+01 -2.677230262756347656e+01
1.038415985107421875e+02 -3.145513057708740234e+00 2.026202774047851562e+01
6.785248279571533203e+00 6.216762924194335938e+01 -3.178713226318359375e+01
4.428372573852539062e+01 -1.933999061584472656e+01 1.904522705078125000e+01
-1.565894508361816406e+01 -2.028141593933105469e+01 8.913590240478515625e+01
2.056437873840332031e+01 4.365555191040039062e+01 -8.806414604187011719e+00
1.167741394042968750e+02 -1.666633605957031250e+01 -2.811912918090820312e+01
3.129639816284179688e+01 3.194006919860839844e+01 8.014543151855468750e+01
3.385385131835937500e+01 -6.743436431884765625e+01 8.188256072998046875e+01
4.590076828002929688e+01 -7.891089916229248047e+00 -7.044878005981445312e+00
8.777071952819824219e+00 -1.393022727966308594e+01 9.780064582824707031e+00
5.079382324218750000e+01 -4.353144836425781250e+01 1.011495208740234375e+01
2.222604942321777344e+01 1.819476699829101562e+01 -6.956753540039062500e+01
1.518023490905761719e+01 -5.240370941162109375e+01 -6.078667640686035156e+00
5.078034210205078125e+01 3.306301498413085938e+01 -1.759768867492675781e+01
2.138107109069824219e+01 -4.925242424011230469e+00 -4.806068038940429688e+01
8.643879699707031250e+01 3.791257095336914062e+01 9.874445915222167969e+00
6.411943817138671875e+01 2.981686210632324219e+01 5.494249343872070312e+01
6.430038452148437500e+01 -3.884938716888427734e+00 8.808358758687973022e-02
2.162166595458984375e+01 1.728299140930175781e+01 -3.619641494750976562e+01
1.101330471038818359e+01 4.296746444702148438e+01 -3.630377960205078125e+01
6.082895660400390625e+01 4.884024429321289062e+01 5.650947189331054688e+01
-3.136926651000976562e+01 -2.348342132568359375e+01 -1.622525787353515625e+02
2.318467712402343750e+01 3.970671463012695312e+01 -3.555766296386718750e+01
9.348621368408203125e+01 5.778808593750000000e+00 -5.332014083862304688e+00
1.151943283081054688e+02 1.300873184204101562e+01 -3.345008850097656250e+01
1.037687182426452637e+00 -2.501647949218750000e+01 9.258712005615234375e+01
5.227779006958007812e+01 3.349793672561645508e+00 -7.146868896484375000e+01
5.338194274902343750e+01 5.757241058349609375e+01 4.165495681762695312e+01
-7.949419021606445312e+00 -7.004595947265625000e+01 -7.028238677978515625e+01
9.628023529052734375e+01 1.576601314544677734e+01 -3.421228408813476562e+01
5.634963226318359375e+01 -7.916647434234619141e+00 5.464270019531250000e+01
-1.953453183174133301e+00 -6.389867782592773438e+01 -1.161220741271972656e+01
2.354137611389160156e+01 -2.096950912475585938e+01 1.275395107269287109e+01
7.739158630371093750e+01 -5.877964019775390625e+01 2.662474822998046875e+01
1.311976242065429688e+01 -9.777291107177734375e+01 -3.880340576171875000e+01
3.282862854003906250e+01 3.563135910034179688e+01 -4.950724411010742188e+01
9.494700431823730469e+00 -6.900656890869140625e+01 -4.665653610229492188e+01
8.203242492675781250e+01 -4.485091781616210938e+01 -2.435254573822021484e+00
1.820224189758300781e+01 7.236435413360595703e+00 -2.211128425598144531e+01
4.299282455444335938e+01 2.910917091369628906e+01 9.146797943115234375e+01
1.847476959228515625e+01 -1.432389831542968750e+01 -7.005377960205078125e+01
5.050001525878906250e+01 -4.447968673706054688e+01 -1.265342903137207031e+01
5.198415756225585938e+01 3.245689010620117188e+01 3.392565155029296875e+01
3.124404335021972656e+01 -5.193786239624023438e+01 5.353989028930664062e+01
4.061505508422851562e+01 -2.749948883056640625e+01 -3.990368127822875977e+00
5.419082260131835938e+01 -4.200687408447265625e+01 5.412199783325195312e+01
5.387553787231445312e+01 -3.242573928833007812e+01 -5.253152847290039062e+00
3.314868927001953125e+01 2.328966903686523438e+01 -4.190266036987304688e+01
6.898822784423828125e+01 -4.917761611938476562e+01 -1.600218391418457031e+01
1.476516819000244141e+01 -1.112885208129882812e+02 -9.328296661376953125e+00
4.472443389892578125e+01 -8.140550231933593750e+01 1.898888969421386719e+01
6.870526885986328125e+01 4.115234756469726562e+01 7.285210418701171875e+01
-1.117652511596679688e+01 -8.620796966552734375e+01 -4.642570114135742188e+01
5.915801048278808594e+00 -6.899810028076171875e+01 4.613653945922851562e+01
4.611412811279296875e+01 -8.179898071289062500e+01 4.230283355712890625e+01
5.780272293090820312e+01 4.196654510498046875e+01 4.162128829956054688e+01
3.087810039520263672e+00 5.611179351806640625e+01 -5.364751434326171875e+01
1.699883651733398438e+01 -4.029949188232421875e+01 4.547867774963378906e+00
7.497163391113281250e+01 5.307112121582031250e+01 1.471982383728027344e+01
-2.022516727447509766e+00 -8.759675598144531250e+01 -3.788698959350585938e+01
4.925428009033203125e+01 4.305739402770996094e+00 5.555887222290039062e+01
1.042529983520507812e+02 -7.509287834167480469e+00 -3.400863265991210938e+01
4.280359268188476562e+00 -4.103900527954101562e+01 -2.138533782958984375e+01
4.778872680664062500e+01 5.356019210815429688e+01 5.318130111694335938e+01
2.779726600646972656e+01 3.244767189025878906e+00 1.538136196136474609e+01
4.254157638549804688e+01 -4.351815032958984375e+01 -3.684829235076904297e+00
6.352391052246093750e+01 -6.829946136474609375e+01 2.368670272827148438e+01
4.704344177246093750e+01 6.491407775878906250e+01 -7.279849529266357422e+00
3.622134017944335938e+01 -8.420287322998046875e+01 5.987430953979492188e+01
1.921567153930664062e+01 -7.210459136962890625e+01 -5.335262680053710938e+01
8.630292510986328125e+01 8.097766876220703125e+00 1.502342224121093750e+01
9.165476989746093750e+01 -5.860232353210449219e+00 1.223009300231933594e+01
3.175903511047363281e+01 -7.041284179687500000e+01 3.602706146240234375e+01
6.715592193603515625e+01 -5.545618057250976562e+01 3.637239074707031250e+01
7.241593170166015625e+01 -3.877169370651245117e+00 -2.371769332885742188e+01
-3.865909576416015625e+00 -7.841303253173828125e+01 4.037667083740234375e+01
5.232145690917968750e+01 -8.466276168823242188e+00 7.766066741943359375e+01
-1.110546035766601562e+02 5.825459289550781250e+01 3.161979103088378906e+01
4.083754348754882812e+01 4.499461364746093750e+01 -7.785081481933593750e+01
4.104141616821289062e+01 -5.658443450927734375e+01 -3.984589004516601562e+01
1.130716800689697266e+01 6.194882965087890625e+01 -7.076950073242187500e+01
3.249185943603515625e+01 -2.590886116027832031e+01 -3.715647506713867188e+01
3.550147628784179688e+01 5.783464813232421875e+01 -7.131090545654296875e+01
4.161377334594726562e+01 -2.508230018615722656e+01 4.220840072631835938e+01
5.188557815551757812e+01 1.874942016601562500e+01 4.430497360229492188e+01
-1.387626647949218750e+01 -7.404022216796875000e+01 5.427875518798828125e-01
7.321884155273437500e+01 1.239762401580810547e+01 -2.885287094116210938e+01
-4.468007564544677734e+00 4.210438537597656250e+01 -8.808574676513671875e+00
1.006972274780273438e+02 2.754861068725585938e+01 -3.054260635375976562e+01
8.302339935302734375e+01 1.523254680633544922e+01 7.911514282226562500e+01
1.602288627624511719e+01 2.767816925048828125e+01 -5.112110519409179688e+01
7.789287567138671875e+01 3.991165161132812500e+01 5.095171356201171875e+01
6.770734405517578125e+01 -4.009451675415039062e+01 1.245945930480957031e+01
3.178419494628906250e+01 -5.546516418457031250e+01 2.475297546386718750e+01
6.908720397949218750e+01 2.551335334777832031e+01 8.851024627685546875e+01
3.797444915771484375e+01 -5.774856948852539062e+01 4.246769714355468750e+01
1.132162094116210938e+02 3.505452728271484375e+01 -1.455780315399169922e+01
6.939091491699218750e+01 5.317657947540283203e+00 4.711574172973632812e+01
9.452220153808593750e+01 2.429444694519042969e+01 1.318403434753417969e+01
7.353716850280761719e+00 -8.791564178466796875e+01 2.255658388137817383e+00
7.290652275085449219e+00 1.175025081634521484e+01 6.827888488769531250e+01
6.473320007324218750e+01 8.662815093994140625e+01 -1.779276657104492188e+01
4.703702163696289062e+01 1.343444252014160156e+01 8.944369316101074219e+00
2.044054412841796875e+01 5.330000305175781250e+01 2.654055213928222656e+01
6.179272460937500000e+01 -1.783159828186035156e+01 -1.110552310943603516e+01
9.356755065917968750e+01 3.279686355590820312e+01 3.283242583274841309e-01
-2.450852966308593750e+01 -1.026611938476562500e+02 -1.805357551574707031e+01
-9.177253246307373047e-01 2.327450513839721680e+00 -1.086272735595703125e+02
1.017182388305664062e+02 1.040063285827636719e+01 5.150031089782714844e+00
3.161236381530761719e+01 5.115015792846679688e+01 2.656377077102661133e+00
6.663217926025390625e+01 1.950506973266601562e+01 -1.221052646636962891e+01
8.196546936035156250e+01 2.961280822753906250e+01 -3.535317993164062500e+01
-6.221012115478515625e+00 -9.334761810302734375e+01 1.305495071411132812e+01
-2.606271934509277344e+01 -8.391117095947265625e+01 -2.031713867187500000e+01
1.296081066131591797e+01 -8.086464691162109375e+01 5.792093658447265625e+01
8.382353210449218750e+01 2.312518310546875000e+01 -2.235794830322265625e+01
1.318621063232421875e+01 4.204611301422119141e+00 -6.794403195381164551e-01
5.390582656860351562e+01 -1.579796886444091797e+01 -7.397180175781250000e+01
3.235654067993164062e+01 8.389794349670410156e+00 -2.911067390441894531e+01
4.508477783203125000e+01 3.622970581054687500e+01 5.324971008300781250e+01
-1.001063823699951172e+01 -3.353184127807617188e+01 7.400147247314453125e+01
2.210165023803710938e+01 3.758019638061523438e+01 8.343875885009765625e+00
3.333290100097656250e+01 4.965570449829101562e+01 -4.222798919677734375e+01
1.769362640380859375e+01 -1.116842937469482422e+01 -1.238528060913085938e+01
4.170004272460937500e+01 -6.672895908355712891e+00 -6.516645050048828125e+01
7.316740417480468750e+01 -3.848045730590820312e+01 -3.277759552001953125e+01
3.205284118652343750e+01 3.924399948120117188e+01 5.303337478637695312e+01
4.891035461425781250e+01 4.855783462524414062e+01 -6.910758972167968750e+01
7.132391357421875000e+01 3.783457517623901367e+00 7.236773681640625000e+01
2.518597030639648438e+01 -5.746583557128906250e+01 4.029823684692382812e+01
5.154030990600585938e+01 -5.420610809326171875e+01 2.672714591026306152e-01
1.124572753906250000e+02 3.157489001750946045e-02 -6.373272418975830078e+00
3.429308700561523438e+01 2.850797462463378906e+01 -7.111669921875000000e+01
9.591204071044921875e+01 2.609044265747070312e+01 -1.640256881713867188e+01
6.194670867919921875e+01 -4.747157287597656250e+01 -1.107862442731857300e-01
1.224867706298828125e+02 1.125499057769775391e+01 -1.366872882843017578e+01
7.447428131103515625e+01 3.436514282226562500e+01 2.894418525695800781e+01
1.544839286804199219e+01 2.986427307128906250e+01 -3.676311492919921875e+00
2.995037651062011719e+01 3.684481048583984375e+01 -8.687136840820312500e+01
-1.833319091796875000e+01 -8.809854888916015625e+01 -9.657823562622070312e+00
4.021910095214843750e+01 -5.725741577148437500e+01 -9.876967430114746094e+00
5.399794006347656250e+01 4.772555160522460938e+01 -5.585327148437500000e+00
6.997774505615234375e+01 2.329578399658203125e+01 3.135703277587890625e+01
1.137964477539062500e+02 1.016826629638671875e+01 1.087932872772216797e+01
9.465194702148437500e+01 7.068576812744140625e-01 -2.413218498229980469e+01
3.124658584594726562e+01 1.374679851531982422e+01 -9.853481292724609375e+00
-4.624820128083229065e-02 5.228836441040039062e+01 8.913789749145507812e+00
5.781977081298828125e+01 -7.729147911071777344e+00 -3.656837081909179688e+01
3.122505378723144531e+01 -2.962502479553222656e+01 -2.526236915588378906e+01
-1.687535285949707031e+01 9.574581909179687500e+01 -2.346756172180175781e+01
4.278123092651367188e+01 6.589714813232421875e+01 -4.897416305541992188e+01
3.682534027099609375e+01 -8.510188293457031250e+01 -2.075330162048339844e+01
3.433481216430664062e+01 -5.282432937622070312e+01 -2.610615539550781250e+01
5.456225204467773438e+01 -7.629145812988281250e+01 9.648615837097167969e+00
6.559111022949218750e+01 4.350219726562500000e+01 -3.848216629028320312e+01
-2.463552474975585938e+01 1.104130783081054688e+02 -1.128713607788085938e+01
5.461061096191406250e+01 5.186320114135742188e+01 -4.682621002197265625e+01
1.015963745117187500e+02 1.201980018615722656e+01 -1.890720939636230469e+01
5.788248181343078613e-01 -5.944872665405273438e+01 6.378389739990234375e+01
5.160870361328125000e+01 6.374184799194335938e+01 -2.000558280944824219e+01
3.952396392822265625e+01 1.410681247711181641e+00 9.463468933105468750e+01
8.533094787597656250e+01 -3.247306060791015625e+01 -3.619228744506835938e+01
3.970809555053710938e+01 1.705854225158691406e+01 7.552914428710937500e+01
6.225564575195312500e+01 5.648183822631835938e+01 6.989575195312500000e+01
2.048727989196777344e+01 2.304186630249023438e+01 -1.837392616271972656e+01
1.006463718414306641e+01 -6.596246337890625000e+01 6.550621032714843750e+01
8.282723236083984375e+01 5.208521366119384766e+00 6.707663726806640625e+01
3.475799942016601562e+01 -3.989387130737304688e+01 3.977885055541992188e+01
4.161904525756835938e+01 9.652534484863281250e+01 -1.803212928771972656e+01
1.057624053955078125e+02 -1.533478832244873047e+01 -4.686316299438476562e+01
5.311706924438476562e+01 7.031679153442382812e-01 4.268515396118164062e+01
7.695375442504882812e+00 -8.150270080566406250e+01 -8.512019157409667969e+00
2.620270538330078125e+01 7.881494903564453125e+01 1.713746643066406250e+01
-3.079321289062500000e+01 8.843059539794921875e+01 -8.808836936950683594e+00
8.418202400207519531e+00 5.089016723632812500e+01 -1.446155166625976562e+01
-2.696895408630371094e+01 -1.453389835357666016e+01 -1.042247390747070312e+02
-4.435313415527343750e+01 -1.625891304016113281e+01 -6.922927856445312500e+01
-5.133798122406005859e+00 -1.640298843383789062e+01 4.129297256469726562e+01
-3.427894973754882812e+01 -1.928356170654296875e+01 2.094934701919555664e+00
-6.389594268798828125e+01 3.517174148559570312e+01 -8.381292724609375000e+01
-1.252836799621582031e+01 -2.969235038757324219e+01 2.474814796447753906e+01
-3.701509094238281250e+01 -4.787936687469482422e+00 6.744441986083984375e+01
-9.827898406982421875e+01 5.736859512329101562e+01 -1.759753799438476562e+01
-3.415000534057617188e+01 3.587178802490234375e+01 7.555441284179687500e+01
-2.111923408508300781e+01 -1.741987419128417969e+01 -1.488472175598144531e+01
-8.962392425537109375e+01 -1.333045005798339844e+01 -4.224708557128906250e+01
-5.620273971557617188e+01 7.101896667480468750e+01 -3.631409835815429688e+01
-1.223307342529296875e+02 1.497683620452880859e+01 3.895112991333007812e+00
-9.956449508666992188e+00 4.215740585327148438e+01 -3.464688491821289062e+01
-5.279095840454101562e+01 -2.847379493713378906e+01 5.219865036010742188e+01
4.248488235473632812e+01 8.176099395751953125e+01 -1.057748260498046875e+02
-3.140947103500366211e+00 -3.750447082519531250e+01 1.210096740722656250e+01
-5.776958847045898438e+01 -4.858393096923828125e+01 4.369499206542968750e+01
-4.244538497924804688e+01 -1.427799892425537109e+01 4.008539199829101562e+01
-2.183399391174316406e+01 1.176349544525146484e+01 3.383567810058593750e+01
-8.782830047607421875e+01 -2.425274848937988281e+01 4.887451648712158203e+00
7.754785156250000000e+01 6.059482574462890625e+01 -5.459664916992187500e+01
-9.113182830810546875e+01 -8.643033027648925781e+00 2.078191184997558594e+01
-7.188240814208984375e+01 1.589420604705810547e+01 -6.954899787902832031e+00
-1.548238658905029297e+01 5.318246078491210938e+01 -2.575930976867675781e+01
-7.028863906860351562e+00 4.389607620239257812e+01 3.994931030273437500e+01
-1.069633407592773438e+02 8.562170982360839844e+00 -5.291639328002929688e+00
-2.888299179077148438e+01 1.853019714355468750e+01 1.336881732940673828e+01
-5.969995880126953125e+01 -4.712247085571289062e+01 -2.974131584167480469e+01
-4.802439880371093750e+01 -1.034553527832031250e+00 1.066881179809570312e+01
-5.375258636474609375e+01 4.023983383178710938e+01 -8.672509002685546875e+01
-3.385703659057617188e+01 3.114117431640625000e+01 -3.615882110595703125e+01
-3.700574111938476562e+01 -2.742692756652832031e+01 -4.839215278625488281e+00
-3.354090118408203125e+01 6.543943786621093750e+01 4.558987808227539062e+01
-2.160555267333984375e+01 -7.877836227416992188e+00 8.391423797607421875e+01
5.623260021209716797e+00 -5.310039901733398438e+01 -9.174922943115234375e+01
-1.880562019348144531e+01 -4.512844467163085938e+01 3.741138839721679688e+01
-5.980959320068359375e+01 1.123867416381835938e+01 2.367024993896484375e+01
-9.388154602050781250e+01 1.130836009979248047e+01 -2.954618644714355469e+01
-6.168745040893554688e+01 -1.321658897399902344e+01 -6.577623748779296875e+01
-2.596910667419433594e+01 -5.214366436004638672e+00 2.270516014099121094e+01
-7.804637908935546875e+01 3.989374160766601562e+01 2.979150390625000000e+01
-2.519954681396484375e+01 6.604237365722656250e+01 -2.583628892898559570e+00
-1.151649379730224609e+01 -1.338235187530517578e+01 2.260998344421386719e+01
-8.178601837158203125e+01 4.323721313476562500e+01 -4.024638748168945312e+01
-6.323651504516601562e+01 -2.552536392211914062e+01 -9.351255798339843750e+01
-2.361142158508300781e+01 3.557910537719726562e+01 -8.365066528320312500e+01
-2.402836799621582031e+01 -5.839944839477539062e+01 -2.698252296447753906e+01
5.227537155151367188e+01 7.558296203613281250e+01 2.469645261764526367e+00
-9.665190124511718750e+01 7.941098690032958984e+00 -6.548525238037109375e+01
-6.407215881347656250e+01 -7.568966674804687500e+01 2.111408233642578125e+01
-3.809251403808593750e+01 1.086272001266479492e+00 4.999925136566162109e+00
-6.301329803466796875e+01 1.584473490715026855e+00 3.680335235595703125e+01
-1.122870349884033203e+01 -4.784275817871093750e+01 -5.342360687255859375e+01
-7.477944183349609375e+01 3.826705932617187500e+01 -1.820341682434082031e+01
-1.374017429351806641e+01 1.009484176635742188e+02 3.210877990722656250e+01
-2.754524230957031250e+01 5.521791839599609375e+01 4.892106056213378906e+00
-1.427166366577148438e+01 5.953052043914794922e+00 -8.752940368652343750e+01
-4.106084823608398438e+01 4.670535278320312500e+01 3.332181549072265625e+01
-6.070404052734375000e+01 -3.629409408569335938e+01 -7.952492523193359375e+01
-7.954187011718750000e+01 -3.393420410156250000e+01 -3.754647064208984375e+01
-5.108518218994140625e+01 3.227120590209960938e+01 6.587428283691406250e+01
-2.224710273742675781e+01 9.840362548828125000e+01 1.240229225158691406e+01
-5.333286666870117188e+01 4.257497406005859375e+01 -5.262168884277343750e+01
-4.201455688476562500e+01 -1.325308704376220703e+01 8.204250335693359375e+01
-9.741472625732421875e+01 -2.481977653503417969e+01 -4.814381790161132812e+01
-5.409347152709960938e+01 -9.369222640991210938e+00 5.291093063354492188e+01
-1.049710998535156250e+02 -5.375167131423950195e-01 3.990924596786499023e+00
-2.712292098999023438e+01 3.734798049926757812e+01 5.334786605834960938e+01
4.394111156463623047e+00 1.260157203674316406e+01 3.948352432250976562e+01
-9.962489318847656250e+01 3.662815093994140625e+01 -2.247333526611328125e+01
-6.456601715087890625e+01 -1.318839645385742188e+01 -2.585691070556640625e+01
-4.531505584716796875e+01 -6.812857055664062500e+01 -2.788277816772460938e+01
-2.707801055908203125e+01 3.263070297241210938e+01 -4.462686538696289062e+00
-4.344574356079101562e+01 1.723542404174804688e+01 1.069441509246826172e+01
-5.871805191040039062e+01 3.407389831542968750e+01 -5.306779479980468750e+01
-1.928438186645507812e+01 -3.172606658935546875e+01 4.310475158691406250e+01
-6.634728240966796875e+01 2.246708297729492188e+01 -4.131561660766601562e+01
-3.309503173828125000e+01 -5.092021942138671875e+01 7.924976348876953125e+01
-1.062373042106628418e+00 1.194697856903076172e+01 -3.742765808105468750e+01
-2.290187072753906250e+01 5.942911529541015625e+01 4.036135482788085938e+01
-4.436950683593750000e+01 2.664447784423828125e+00 -1.574288558959960938e+01
-5.020679092407226562e+01 -2.192824554443359375e+01 2.746196365356445312e+01
-5.463468933105468750e+01 3.589615249633789062e+01 -2.660537910461425781e+01
-8.284436035156250000e+01 2.158899688720703125e+01 -1.993088340759277344e+01
-3.686010360717773438e+01 1.697952079772949219e+01 -1.097289371490478516e+01
-5.051136779785156250e+01 2.555393409729003906e+01 4.160371398925781250e+01
-3.135509490966796875e+01 6.979616546630859375e+01 -7.876197052001953125e+01
-9.517433929443359375e+01 -2.204605293273925781e+01 -2.765578460693359375e+01
-1.218269729614257812e+01 -1.612347602844238281e+01 -1.018756961822509766e+01
-4.757641220092773438e+01 4.457868957519531250e+01 -1.853744506835937500e+01
-4.349813461303710938e+01 -6.773027038574218750e+01 4.768824768066406250e+01
-4.426195526123046875e+01 -5.005093765258789062e+01 5.251802444458007812e+01
-7.472478485107421875e+01 6.061985778808593750e+01 1.312773346900939941e+00
1.071175155639648438e+02 3.686798810958862305e+00 -6.637546539306640625e+01
-5.154063034057617188e+01 -8.784789443016052246e-01 -7.918538665771484375e+01
-6.133201599121093750e+01 2.633698272705078125e+01 4.791087722778320312e+01
-7.751786804199218750e+01 4.922881317138671875e+01 3.869264602661132812e+01
-4.088689804077148438e+00 3.512900543212890625e+01 8.974848175048828125e+01
-5.739396286010742188e+01 5.628122711181640625e+01 -1.666858434677124023e+00
-7.027051544189453125e+01 5.412443923950195312e+01 6.235501861572265625e+01
-4.548218536376953125e+01 -1.083867454528808594e+01 -7.853729248046875000e+01
-3.436957931518554688e+01 4.860104751586914062e+01 -7.307339477539062500e+01
-9.551603317260742188e+00 -2.915448760986328125e+01 4.988568878173828125e+01
-6.192158508300781250e+01 -2.709736442565917969e+01 4.057840728759765625e+01
-2.999604034423828125e+01 1.750456047058105469e+01 5.296174240112304688e+01
-3.805181503295898438e+01 7.395157623291015625e+01 -2.789213562011718750e+01
-4.777781295776367188e+01 3.029398536682128906e+01 -7.712948799133300781e+00
-3.612842178344726562e+01 -1.638622641563415527e+00 -5.230146408081054688e+01
-5.469027709960937500e+01 -1.161882114410400391e+01 8.742160034179687500e+01
-6.055721664428710938e+01 -6.266410350799560547e+00 -3.183797073364257812e+01
5.938660812377929688e+01 -1.564677524566650391e+01 3.305766296386718750e+01
-1.070221939086914062e+02 1.977144622802734375e+01 -2.655531644821166992e+00
-1.193387508392333984e+01 1.642444610595703125e+01 1.069786071777343750e+02
-3.886056137084960938e+01 1.329669094085693359e+01 -4.877272796630859375e+01
8.522850799560546875e+01 -2.420636558532714844e+01 7.170418548583984375e+01
-5.074629783630371094e+00 8.451211929321289062e+00 4.607185363769531250e+01
-1.089814682006835938e+02 -1.438111114501953125e+01 -3.491689205169677734e+00
-5.206368255615234375e+01 1.138276386260986328e+01 -2.554373550415039062e+01
-2.771208190917968750e+01 3.448075103759765625e+01 -7.071351623535156250e+01
-4.463586425781250000e+01 3.827396011352539062e+01 2.348502635955810547e+00
-1.101113815307617188e+02 -7.988392829895019531e+00 1.133539295196533203e+01
-5.309741973876953125e+01 -4.711523818969726562e+01 -8.934885406494140625e+01
-9.980649566650390625e+01 2.451924324035644531e+01 3.580717468261718750e+01
-5.101705932617187500e+01 -5.856905746459960938e+01 6.943682670593261719e+00
-7.253985595703125000e+01 -3.219705963134765625e+01 -1.726758193969726562e+01
-4.604449462890625000e+01 5.242661666870117188e+01 -8.258016204833984375e+01
-6.809009552001953125e+01 1.028321838378906250e+01 5.581558227539062500e+01
-7.361068725585937500e+01 -1.655634117126464844e+01 -5.371936035156250000e+01
-5.698186874389648438e+01 -7.084532165527343750e+01 -5.158489608764648438e+01
-5.290537643432617188e+01 -2.484485054016113281e+01 -4.250893020629882812e+01
-3.805432128906250000e+01 7.259675598144531250e+01 6.869610595703125000e+01
-8.067018127441406250e+01 -1.955715179443359375e+01 -4.020882415771484375e+01
-6.205201339721679688e+01 -8.539256286621093750e+01 7.786662578582763672e+00
-3.194852066040039062e+01 1.210332512855529785e-01 -1.588955211639404297e+01
-7.500017166137695312e+00 1.194839668273925781e+01 -5.727068901062011719e+00
-3.741648483276367188e+01 -6.119525527954101562e+01 -2.993722343444824219e+01
-5.182625579833984375e+01 -5.903830337524414062e+01 5.202662277221679688e+01
-8.484524536132812500e+01 4.111779689788818359e+00 -6.877519989013671875e+01
-1.170198059082031250e+01 -1.546132802963256836e+00 -4.509942626953125000e+01
-7.336887836456298828e+00 -4.123280334472656250e+01 4.010452651977539062e+01
3.226806402206420898e+00 -4.166116333007812500e+01 -4.480418777465820312e+01
-1.700564575195312500e+01 -1.559906387329101562e+01 4.212927627563476562e+01
-1.037537002563476562e+01 7.059749603271484375e+01 1.514353752136230469e+01
-3.353534317016601562e+01 -2.507481765747070312e+01 8.222789001464843750e+01
-7.607849884033203125e+01 5.443181991577148438e+01 -4.022276306152343750e+01
1.052606678009033203e+01 -3.450610351562500000e+01 -7.170718383789062500e+01
-4.932410049438476562e+01 -3.550413894653320312e+01 -2.852441406250000000e+01
-6.723143768310546875e+01 8.964454650878906250e+01 2.174005699157714844e+01
-6.473857116699218750e+01 -8.363656616210937500e+01 -5.027352809906005859e+00
-4.903437805175781250e+01 2.495310592651367188e+01 9.139341735839843750e+01
1.352457141876220703e+01 -1.247476119995117188e+02 2.400117492675781250e+02
-2.882619667053222656e+01 8.158632659912109375e+01 2.316359519958496094e+01
-5.656052780151367188e+01 8.635433959960937500e+01 4.115439987182617188e+01
-7.099613189697265625e+01 4.811913013458251953e+00 2.999548196792602539e+00
-1.644806671142578125e+01 4.995650100708007812e+01 3.362272262573242188e+01
-9.303479766845703125e+01 6.757350158691406250e+01 -2.507972526550292969e+01
-6.186484146118164062e+01 -5.658728408813476562e+01 -5.220584487915039062e+01
-3.934204483032226562e+01 1.708296775817871094e+01 -2.250165748596191406e+01
-2.050614547729492188e+01 -1.649822044372558594e+01 -5.557284164428710938e+01
-3.181088829040527344e+01 -4.246296310424804688e+01 -5.205918502807617188e+01
-5.881439208984375000e+01 -4.159502029418945312e+00 6.188311386108398438e+01
-4.147195053100585938e+01 1.943379974365234375e+01 8.034741973876953125e+01
-9.761579513549804688e+00 6.099701690673828125e+01 4.507961273193359375e+01
-2.718783187866210938e+01 2.928583526611328125e+01 -2.425012207031250000e+01
-2.907386016845703125e+01 -6.007934951782226562e+01 2.680102920532226562e+01
-4.749788665771484375e+01 3.595004323869943619e-03 -4.558320236206054688e+01
-1.009889373779296875e+02 2.176834297180175781e+01 -3.549631500244140625e+01
3.132848262786865234e+00 -1.795927238464355469e+01 -4.971895599365234375e+01
-9.585882186889648438e+00 -3.316152954101562500e+01 8.655394911766052246e-01
-1.030476284027099609e+01 1.951860809326171875e+01 -1.118707507848739624e-01
-9.473229217529296875e+01 4.385155487060546875e+01 8.695698738098144531e+00
-9.128636169433593750e+01 -2.518833923339843750e+01 3.585187149047851562e+01
-1.321551895141601562e+01 -3.706626892089843750e+01 -4.406408691406250000e+01
-3.319593429565429688e+01 4.515213489532470703e+00 -3.194731903076171875e+01
1.005505218505859375e+02 3.506821823120117188e+01 4.676234817504882812e+01
-2.548172760009765625e+01 -2.541238403320312500e+01 2.284083366394042969e+01
-2.983977890014648438e+01 4.351606750488281250e+01 8.285671997070312500e+01
-6.684135437011718750e+01 5.090705490112304688e+01 -2.371811485290527344e+01
-2.799828529357910156e+01 3.795734405517578125e+01 -5.622571182250976562e+01
-1.857423210144042969e+01 -7.487750530242919922e+00 -3.274124383926391602e+00
-2.044181251525878906e+01 9.583040618896484375e+01 2.436713218688964844e+01
-1.448556137084960938e+01 9.212884521484375000e+01 5.282445526123046875e+01
-2.231445503234863281e+01 5.180763626098632812e+01 -7.136317443847656250e+01
6.825038909912109375e+01 -2.576338386535644531e+01 4.684609222412109375e+01
-2.248579978942871094e+01 1.425579833984375000e+01 -2.268605422973632812e+01
2.369584846496582031e+01 8.037122344970703125e+01 5.424007415771484375e+01
-8.036353302001953125e+01 5.309703445434570312e+01 -2.098604393005371094e+01
-1.280947780609130859e+01 3.027258300781250000e+01 1.073988056182861328e+01
-7.475009155273437500e+01 -4.847196578979492188e+01 -1.950653457641601562e+01
1.725104904174804688e+01 -5.420202636718750000e+01 -7.479592132568359375e+01
-6.143832778930664062e+01 3.079083442687988281e+01 5.732831358909606934e-01
-8.217363739013671875e+01 -4.898083686828613281e+00 -3.281793975830078125e+01
-9.243536376953125000e+01 1.138952541351318359e+01 -4.270438766479492188e+01
-1.012691802978515625e+02 -4.802000427246093750e+01 -8.903134346008300781e+00
-7.464131164550781250e+01 5.985082626342773438e+01 -1.098338794708251953e+01
-8.277597427368164062e+00 6.486749267578125000e+01 8.105401611328125000e+01
-3.615283584594726562e+01 -5.651207351684570312e+01 1.308499526977539062e+01
-8.879763793945312500e+01 2.193238067626953125e+01 -3.466753768920898438e+01
-8.269264984130859375e+01 4.109599304199218750e+01 -5.869617843627929688e+01
-4.530725097656250000e+01 1.609837341308593750e+01 6.878414916992187500e+01
-9.060122489929199219e+00 -1.978097534179687500e+01 -8.013396453857421875e+01
-4.946943283081054688e+01 1.363071346282958984e+01 -1.118736267089843750e+01
-3.552560424804687500e+01 1.476154804229736328e+00 -7.694365692138671875e+01
-1.918298244476318359e+00 -4.036880874633789062e+01 -3.582587432861328125e+01
-2.393765449523925781e+01 -4.303066635131835938e+01 -6.822709083557128906e+00
-3.397645568847656250e+01 -6.958171081542968750e+01 5.750551605224609375e+01
-3.250591659545898438e+01 -8.491644287109375000e+01 2.808912277221679688e+00
-4.010736846923828125e+01 -3.295423126220703125e+01 5.500864028930664062e+01
-8.443824768066406250e+01 -1.879849052429199219e+01 -2.314604949951171875e+01
-3.473535156250000000e+01 2.061865425109863281e+01 -6.211940002441406250e+01
-9.254280853271484375e+01 2.731334877014160156e+01 5.870031833648681641e+00
-4.147239303588867188e+01 -1.646286201477050781e+01 -6.829285144805908203e+00
-4.490782546997070312e+01 -1.520199966430664062e+01 -8.946643066406250000e+01
-7.283556365966796875e+01 -9.611288070678710938e+00 5.703847122192382812e+01
-6.643270111083984375e+01 3.634217834472656250e+01 1.957429504394531250e+01
-2.130068588256835938e+01 -3.796562194824218750e+01 9.520144462585449219e+00
-6.203348541259765625e+01 -1.856289672851562500e+01 -1.024100570678710938e+02
-2.958262443542480469e+01 5.581463241577148438e+01 -5.924357604980468750e+01
-2.333535003662109375e+01 2.266211891174316406e+01 -3.513998031616210938e+01
-1.170543365478515625e+02 -2.439707994461059570e+00 -1.495057940483093262e+00
-8.392569732666015625e+01 1.109235954284667969e+01 -6.068474197387695312e+01
-7.918968963623046875e+01 5.788146591186523438e+01 3.150969696044921875e+01
-3.611183166503906250e+01 -5.573036956787109375e+01 -5.183320999145507812e+00
-2.585122489929199219e+01 -3.748984909057617188e+01 -2.826639175415039062e+01
-3.281381607055664062e+01 -2.115075492858886719e+01 -3.862540817260742188e+01
1.996114969253540039e+00 9.860995483398437500e+01 -5.764768123626708984e+00
-1.042225799560546875e+02 1.529515743255615234e+01 3.837207031250000000e+01
-1.059054374694824219e+00 3.426433181762695312e+01 -8.287267303466796875e+01
-9.721968841552734375e+01 2.083687973022460938e+01 5.246783828735351562e+01
-1.785073280334472656e+01 -2.184232330322265625e+01 1.038234424591064453e+01
-6.232526016235351562e+01 -4.627076148986816406e+00 8.905258941650390625e+01
-5.116016769409179688e+01 -4.102145385742187500e+01 -9.781044006347656250e+01
-1.032041625976562500e+02 3.734192276000976562e+01 -9.990625381469726562e-01
-4.443561172485351562e+01 3.076855278015136719e+01 5.096636581420898438e+01
-3.353292083740234375e+01 -4.696297454833984375e+01 -8.706695556640625000e+01
1.621897506713867188e+01 -3.229257965087890625e+01 -8.280884552001953125e+01
-5.230707550048828125e+01 5.839852142333984375e+01 4.519701385498046875e+01
-1.609755706787109375e+01 2.673481178283691406e+01 -6.856300354003906250e+01
-1.014151000976562500e+02 2.497640800476074219e+01 2.028783416748046875e+01
7.928532409667968750e+01 -1.986056900024414062e+01 3.750532913208007812e+01
-5.154628372192382812e+01 9.515140533447265625e+00 -5.242847061157226562e+01
-6.903816986083984375e+01 -1.747152519226074219e+01 -9.627614021301269531e+00
-6.448207855224609375e+01 4.711684036254882812e+01 5.734387969970703125e+01
-5.125822830200195312e+01 -7.555247497558593750e+01 4.602050399780273438e+01
-6.038109302520751953e+00 2.287613153457641602e+00 -3.051581192016601562e+01
-5.353627014160156250e+01 1.818483161926269531e+01 7.629115295410156250e+01
-5.999884796142578125e+01 -4.475302886962890625e+01 -5.627244949340820312e+01
-9.371010780334472656e+00 9.423099517822265625e+01 4.075024795532226562e+01
-6.055853652954101562e+01 -4.046123123168945312e+01 3.430687713623046875e+01
2.699763774871826172e-01 9.121042633056640625e+01 4.679128646850585938e+01
-9.572794342041015625e+01 -3.545844650268554688e+01 -2.474525213241577148e+00
-4.786509704589843750e+01 7.940116882324218750e+01 -4.031747436523437500e+01
-4.702162933349609375e+01 5.098388671875000000e+01 2.414556884765625000e+01
-1.507833957672119141e+01 -5.234347152709960938e+01 -2.917380809783935547e+00
-1.873782920837402344e+01 -6.129548263549804688e+01 -7.714842224121093750e+01
-5.024091339111328125e+01 7.492378997802734375e+01 9.937992095947265625e+00
-4.454070091247558594e+00 -1.463471412658691406e+01 -3.931026077270507812e+01
-7.125147247314453125e+01 3.985881423950195312e+01 -2.970272636413574219e+01
-5.431388092041015625e+01 1.450534629821777344e+01 5.200905609130859375e+01
-6.045004272460937500e+01 1.682732391357421875e+01 3.940787124633789062e+01
-1.061563034057617188e+02 3.746287345886230469e+00 3.895867919921875000e+01
-7.180779266357421875e+01 -3.268755722045898438e+01 4.970584487915039062e+01
3.770723819732666016e+00 3.846699237823486328e+00 -6.562811279296875000e+01
-4.077540588378906250e+01 4.033884525299072266e+00 2.349843978881835938e+01
-7.124176025390625000e+01 1.772817993164062500e+01 -3.026620674133300781e+01
-5.019238281250000000e+01 5.527635192871093750e+01 -1.110984516143798828e+01
-1.837495422363281250e+01 -5.352886676788330078e+00 -6.312091827392578125e+01
-8.419322967529296875e+01 -3.357970428466796875e+01 1.956385040283203125e+01
-6.901217937469482422e+00 -1.314012241363525391e+01 -2.801140594482421875e+01
-5.116442489624023438e+01 2.911598396301269531e+01 -9.321067810058593750e+01
-2.274750137329101562e+01 3.278839588165283203e+00 8.445198059082031250e+01
-3.738743972778320312e+01 -4.706899642944335938e+01 -4.473199081420898438e+01
-3.678843307495117188e+01 4.652343750000000000e+01 4.577336883544921875e+01
-1.149135360717773438e+02 -2.288897514343261719e+01 -8.084231567382812500e+01
1.029360389709472656e+01 8.103418731689453125e+01 5.549460983276367188e+01
-1.011769485473632812e+02 -5.977834320068359375e+01 -5.974618911743164062e+00
-3.695512771606445312e+01 3.431396102905273438e+01 2.937470817565917969e+01
-5.422881603240966797e+00 -3.678886890411376953e+00 -2.111713981628417969e+01
-7.210470581054687500e+01 -6.368646621704101562e+00 4.648936080932617188e+01
-6.167382812500000000e+01 -5.818295001983642578e+00 2.798030471801757812e+01
-3.701675796508789062e+01 -4.719600296020507812e+01 2.237905311584472656e+01
-3.607394027709960938e+01 1.649790039062500000e+02 -1.340845184326171875e+02
-1.093582229614257812e+02 4.607728958129882812e+01 -1.522876644134521484e+01
-1.896153450012207031e+01 2.599935913085937500e+01 5.581756973266601562e+01
-1.880814170837402344e+01 4.020339965820312500e+01 2.210205268859863281e+01
8.346454620361328125e+01 -2.676877403259277344e+01 2.472487831115722656e+01
-2.818918609619140625e+01 5.316331481933593750e+01 -8.467798614501953125e+01
-4.116761398315429688e+01 -4.451735305786132812e+01 8.426315307617187500e+00
-4.353627777099609375e+01 -1.299400329589843750e+01 -2.773971176147460938e+01
1.861770248413085938e+01 -4.396671295166015625e+01 -6.601735687255859375e+01
-5.290762329101562500e+01 -3.671488189697265625e+01 -1.453040027618408203e+01
-5.213144302368164062e+01 -4.737977600097656250e+01 6.105503082275390625e+01
-7.007566070556640625e+01 7.903446197509765625e+00 -1.333011913299560547e+01
-1.411988925933837891e+01 2.482925033569335938e+01 -2.485183334350585938e+01
-1.608582496643066406e+01 -4.764050674438476562e+01 4.900127792358398438e+01
-3.542292785644531250e+01 4.693709564208984375e+01 -2.194105720520019531e+01
8.807495117187500000e+00 2.349533462524414062e+01 3.866138839721679688e+01
-9.613607025146484375e+01 4.351589202880859375e+01 -7.395467758178710938e+00
-7.699894714355468750e+01 2.957562637329101562e+01 2.458246231079101562e+01
-7.783438873291015625e+01 -6.025294876098632812e+01 6.604239463806152344e+00
-5.530184936523437500e+01 -1.005507564544677734e+01 4.784243583679199219e+00
-2.549438476562500000e+01 2.467917823791503906e+01 3.426021575927734375e+01
-3.012640571594238281e+01 -5.217901992797851562e+01 -7.710472869873046875e+01
-3.743494033813476562e+01 -2.944162178039550781e+01 -6.386074829101562500e+01
-1.776927947998046875e+01 4.960466003417968750e+01 -3.896454238891601562e+01
-2.708684730529785156e+01 -6.547800445556640625e+01 -5.086599349975585938e+01
-4.420715713500976562e+01 -5.830052947998046875e+01 2.189273834228515625e+01
-1.239678268432617188e+02 -1.137023258209228516e+01 5.574800968170166016e+00
-7.787117481231689453e+00 1.162702655792236328e+01 -4.923831558227539062e+01
-4.625693893432617188e+01 -6.635224151611328125e+01 -1.289454174041748047e+01
-6.837544250488281250e+01 -2.776362228393554688e+01 -2.817379236221313477e+00
-5.007809448242187500e+01 -4.324468231201171875e+01 1.723699569702148438e+01
-2.178098678588867188e+01 5.228398132324218750e+01 5.775389099121093750e+01
-1.201340179443359375e+02 1.554183197021484375e+01 -7.433079719543457031e+00
-8.658734130859375000e+01 -4.351003265380859375e+01 2.577937507629394531e+01
-2.384031486511230469e+01 5.381527900695800781e+00 -9.071560668945312500e+01
-6.750070953369140625e+01 -5.381740188598632812e+01 -6.591738128662109375e+01
-2.157230186462402344e+01 -5.217551803588867188e+01 1.652031898498535156e+01
-8.574736785888671875e+01 -2.683820724487304688e-01 1.849032974243164062e+01
