7.255357360839843750e+01 2.475420188903808594e+01
1.843269348144531250e+01 1.566508960723876953e+01
7.483247375488281250e+01 -1.751243400573730469e+01
7.191933441162109375e+01 1.234035491943359375e+01
2.925075769424438477e+00 8.407729148864746094e+00
-3.185692787170410156e+01 -2.215771293640136719e+01
5.942746353149414062e+01 4.365810775756835938e+01
4.779742050170898438e+01 -4.285771942138671875e+01
7.704300689697265625e+01 3.799851226806640625e+01
6.051669692993164062e+01 -5.198907470703125000e+01
4.744455718994140625e+01 -2.025444412231445312e+01
3.255810165405273438e+01 -2.286805915832519531e+01
5.810926437377929688e+01 -3.282076644897460938e+01
3.114467811584472656e+01 -2.780656051635742188e+01
4.877165222167968750e+01 -3.918816757202148438e+01
1.697472953796386719e+01 2.979551315307617188e+01
1.374845409393310547e+01 1.921822929382324219e+01
7.586892700195312500e+01 -4.951022148132324219e+00
1.975798797607421875e+01 -3.205449676513671875e+01
6.558978271484375000e+01 -5.050576019287109375e+01
3.476102447509765625e+01 -3.823942947387695312e+01
6.985260772705078125e+01 3.349726438522338867e+00
1.686928749084472656e+01 3.414542388916015625e+01
7.284074401855468750e+01 -5.176189804077148438e+01
7.292010498046875000e+01 -4.544766616821289062e+01
1.101626873016357422e+01 1.775064945220947266e+00
6.639849090576171875e+01 3.930861663818359375e+01
6.354485321044921875e+01 -4.423381042480468750e+01
-2.452832031250000000e+01 -4.009651184082031250e+01
3.315597152709960938e+01 -1.517342376708984375e+01
6.298083114624023438e+01 -4.018164443969726562e+01
2.211087608337402344e+01 -2.053078651428222656e+01
5.631447982788085938e+01 3.359191513061523438e+01
5.541233825683593750e+01 -3.336900711059570312e+01
-4.450860977172851562e+00 3.701212406158447266e+00
5.541667938232421875e+01 -3.821874237060546875e+01
1.830678176879882812e+01 -3.461327362060546875e+01
-3.473203659057617188e+00 2.819054031372070312e+01
7.818166351318359375e+01 1.415448951721191406e+01
2.352659034729003906e+01 9.901859283447265625e+00
5.324490737915039062e+01 -4.484222793579101562e+01
7.216384124755859375e+01 -1.114585018157958984e+01
-7.736736774444580078e+00 1.757913208007812500e+01
7.527175140380859375e+01 -1.402626991271972656e+01
2.474447822570800781e+01 3.564168548583984375e+01
3.510166931152343750e+01 -5.210239791870117188e+01
5.676494979858398438e+01 -4.404499816894531250e+01
6.791627502441406250e+01 -9.795540809631347656e+00
-8.120104670524597168e-02 1.619092178344726562e+01
8.118447875976562500e+01 -1.850489234924316406e+01
2.341274833679199219e+01 1.623080062866210938e+01
-3.365072727203369141e+00 4.141897201538085938e+01
1.425356292724609375e+01 3.919276046752929688e+01
8.322344779968261719e+00 2.786004066467285156e+01
6.579204559326171875e+00 -2.872487068176269531e+01
6.116777801513671875e+01 -6.450321674346923828e+00
8.080006408691406250e+01 -1.521721076965332031e+01
6.942304992675781250e+01 -4.402453994750976562e+01
-6.750601291656494141e+00 2.342290687561035156e+01
8.421639442443847656e+00 3.223261356353759766e+00
5.244011878967285156e+00 -2.686733722686767578e+00
7.291081237792968750e+01 6.743826389312744141e+00
6.125538253784179688e+01 -3.635447311401367188e+01
5.977514266967773438e+01 1.352797603607177734e+01
6.679077148437500000e+01 4.288523101806640625e+01
-6.270910739898681641e+00 2.041502571105957031e+01
7.126110839843750000e+01 -1.337198543548583984e+01
3.094076538085937500e+01 -5.572957515716552734e+00
2.637175750732421875e+01 -2.212279319763183594e+01
2.256701850891113281e+01 2.768725395202636719e+01
4.346148681640625000e+01 -3.765484619140625000e+01
7.772697448730468750e+01 3.429989624023437500e+01
5.578938961029052734e+00 3.764281845092773438e+01
2.884889793395996094e+01 3.710044097900390625e+01
7.754483032226562500e+01 1.713908791542053223e+00
2.154793739318847656e+01 -2.353022956848144531e+01
5.581812286376953125e+01 3.860977935791015625e+01
-1.076417088508605957e+00 3.994800567626953125e+01
-9.083418846130371094e+00 3.126829147338867188e+01
7.241497039794921875e+01 3.047309112548828125e+01
6.493745422363281250e+01 8.329042434692382812e+00
4.936591339111328125e+01 -5.857946777343750000e+01
-1.048242282867431641e+01 1.020711040496826172e+01
-1.450880765914916992e+00 3.382855224609375000e+01
4.714275360107421875e+01 -2.416199874877929688e+01
4.115610885620117188e+01 -3.397008132934570312e+01
7.760020446777343750e+01 -1.857136535644531250e+01
5.881864166259765625e+01 3.423924255371093750e+01
7.214132690429687500e+01 -4.217874908447265625e+01
6.837538146972656250e+01 1.246834754943847656e+01
6.897296142578125000e+01 3.082175064086914062e+01
6.775185394287109375e+01 -4.805769348144531250e+01
4.617731475830078125e+01 -4.079563903808593750e+01
5.445445179939270020e-01 2.094997787475585938e+01
7.732442474365234375e+01 2.782960700988769531e+01
6.333767700195312500e+01 -3.662582397460937500e+00
6.958610534667968750e+01 6.461481451988220215e-01
4.300895690917968750e+01 -2.989031982421875000e+01
2.497682762145996094e+01 -2.808042144775390625e+01
8.030108642578125000e+01 3.578112363815307617e+00
1.979448127746582031e+01 1.323562145233154297e+01
2.475085639953613281e+01 -1.682065010070800781e+01
1.148931217193603516e+01 3.414632034301757812e+01
-5.684185028076171875e+00 8.643865585327148438e+00
4.220669937133789062e+01 -4.135435104370117188e+01
1.985926818847656250e+01 3.187141036987304688e+01
1.794942140579223633e+00 -2.727938652038574219e+00
3.107474899291992188e+01 -1.697258758544921875e+01
3.532129669189453125e+01 -1.773367691040039062e+01
7.364696502685546875e+00 3.286212158203125000e+01
3.814670944213867188e+01 -5.262258529663085938e+01
7.743276214599609375e+01 -1.589361476898193359e+01
6.215971374511718750e+01 4.476966857910156250e+01
6.201793289184570312e+01 2.441635894775390625e+01
3.538934326171875000e+01 -7.078697204589843750e+00
6.644889831542968750e+01 3.679570674896240234e+00
1.545414352416992188e+01 -3.446817779541015625e+01
5.606423950195312500e+01 -5.076945495605468750e+01
5.454679107666015625e+01 3.040866851806640625e+01
3.640259552001953125e+01 -4.312575531005859375e+01
3.349917602539062500e+01 -4.554203796386718750e+01
2.806976699829101562e+01 -1.548469829559326172e+01
-1.569421768188476562e+01 1.812695693969726562e+01
7.069844818115234375e+01 9.295190811157226562e+00
6.223984909057617188e+01 -5.699569320678710938e+01
3.891211032867431641e+00 -2.807712364196777344e+01
6.071706390380859375e+01 -1.547568678855895996e+00
1.685828399658203125e+01 -3.537952303886413574e-01
-2.472578763961791992e+00 -2.536252403259277344e+01
7.149658966064453125e+01 2.747791290283203125e+01
-4.966632843017578125e+00 3.439620590209960938e+01
5.987928390502929688e+01 -4.674895095825195312e+01
3.225688934326171875e+01 -5.428802108764648438e+01
6.503311157226562500e+01 -7.532962322235107422e+00
3.687319755554199219e+00 2.039387702941894531e+01
6.802598571777343750e+01 4.535275650024414062e+01
7.304659271240234375e+01 3.249228000640869141e+00
6.200369262695312500e+01 2.723406982421875000e+01
2.312868881225585938e+01 1.268540096282958984e+01
5.531980895996093750e+01 -6.063027381896972656e+00
4.050628280639648438e+01 -6.108075714111328125e+01
6.982807159423828125e+01 -5.819536972045898438e+01
6.409125518798828125e+01 3.611768722534179688e+01
2.268477439880371094e+01 3.102260398864746094e+01
6.981451416015625000e+01 6.706658840179443359e+00
5.998781204223632812e+01 2.172733879089355469e+01
-2.843144178390502930e+00 8.829753398895263672e-01
5.883185195922851562e+01 -4.513018608093261719e+00
3.267613220214843750e+01 -7.703979015350341797e+00
2.054682731628417969e+00 1.407889842987060547e+01
7.461639404296875000e+01 2.725699043273925781e+01
5.832872390747070312e+01 -3.661030197143554688e+01
4.403868484497070312e+01 -3.415464782714843750e+01
7.362710571289062500e+01 9.479993820190429688e+00
1.962060546875000000e+01 1.044915199279785156e+01
6.653471374511718750e+01 -4.610999107360839844e+00
-4.759309291839599609e+00 3.846046829223632812e+01
2.765793418884277344e+01 8.955965995788574219e+00
9.888531684875488281e+00 3.761165237426757812e+01
7.661242008209228516e+00 2.474369430541992188e+01
6.156987380981445312e+01 3.182754898071289062e+01
6.377396774291992188e+01 -4.752713012695312500e+01
7.587185668945312500e+01 5.391989231109619141e+00
1.020211410522460938e+01 3.131811523437500000e+01
1.660398244857788086e+00 2.641435050964355469e+01
6.680602264404296875e+01 -5.448091506958007812e+01
5.339215087890625000e+01 -4.956854629516601562e+01
4.192613124847412109e+00 2.796448135375976562e+01
7.831339263916015625e+01 2.390151596069335938e+01
6.621804809570312500e+01 3.228171920776367188e+01
3.013876533508300781e+01 -9.317376136779785156e+00
2.175695800781250000e+01 3.660940170288085938e+01
7.145066070556640625e+01 -4.786717987060546875e+01
2.800233840942382812e+01 -2.870355415344238281e+01
7.441228485107421875e+01 3.664086914062500000e+01
4.568967819213867188e+01 -5.272149276733398438e+01
2.971264266967773438e+01 -2.138566398620605469e+01
1.663042068481445312e+01 1.263717746734619141e+01
6.734206390380859375e+01 -3.984590148925781250e+01
2.810772705078125000e+01 -2.473851966857910156e+01
3.257086753845214844e+00 3.086382102966308594e+01
2.032602310180664062e+01 -1.021814441680908203e+01
7.752755737304687500e+01 1.019189929962158203e+01
1.588403344154357910e+00 3.782037353515625000e+01
5.671288299560546875e+01 -4.058654022216796875e+01
3.226451492309570312e+01 -1.966938591003417969e+01
6.390112686157226562e+01 2.296685457229614258e+00
-3.593909454345703125e+01 -2.365419960021972656e+01
4.370741271972656250e+01 -4.894031524658203125e+01
7.346793365478515625e+01 -2.824943065643310547e+00
4.568840026855468750e+01 -4.624967193603515625e+01
7.448985290527343750e+01 2.826274745166301727e-02
2.797616958618164062e+01 5.539342880249023438e+00
7.721656799316406250e+01 -1.925848960876464844e+00
2.794838523864746094e+01 -1.835763549804687500e+01
3.982341003417968750e+01 -3.828228759765625000e+01
6.032495117187500000e+01 -4.776111602783203125e+01
2.205509757995605469e+01 -2.671315956115722656e+01
4.105915832519531250e+01 -2.782922554016113281e+01
3.749650192260742188e+01 -5.911030197143554688e+01
6.936466217041015625e+01 -5.338721847534179688e+01
-9.448925852775573730e-01 3.981634378433227539e+00
2.487115097045898438e+01 7.621818542480468750e+00
7.190216827392578125e+01 -5.975786209106445312e+01
2.458787155151367188e+01 -2.470405578613281250e+01
4.954111099243164062e+01 -5.199419403076171875e+01
7.545455932617187500e+01 3.093033981323242188e+01
2.629269409179687500e+01 1.149851036071777344e+01
7.008294677734375000e+01 -5.040448379516601562e+01
2.138196754455566406e+01 1.857512855529785156e+01
-6.986981201171875000e+01 -8.110138893127441406e+00
4.187781143188476562e+01 -4.543556213378906250e+01
-4.164341926574707031e+00 1.786879158020019531e+01
4.119093704223632812e+01 -5.488037490844726562e+01
2.122508239746093750e+01 -7.274091243743896484e+00
5.535267639160156250e+01 2.553294944763183594e+01
5.753030395507812500e+01 2.328087043762207031e+01
3.865103530883789062e+01 -4.997980880737304688e+01
3.233181381225585938e+01 -5.006255722045898438e+01
7.283470916748046875e+01 1.769048309326171875e+01
5.207915878295898438e+01 -2.714787292480468750e+01
5.054626083374023438e+01 -4.720594787597656250e+01
5.299163436889648438e+01 3.905847930908203125e+01
-1.180871105194091797e+01 3.053461265563964844e+01
6.042421722412109375e+01 4.384790420532226562e+00
2.516167068481445312e+01 -1.998952102661132812e+01
6.700949859619140625e+01 6.574378013610839844e+00
-7.691024780273437500e+00 3.453875350952148438e+01
5.662564086914062500e+01 4.288204956054687500e+01
5.393350601196289062e+01 -5.316747283935546875e+01
2.611771392822265625e+01 -1.087957859039306641e+01
6.410673522949218750e+01 4.212931060791015625e+01
2.239222526550292969e+00 3.402248382568359375e+00
7.253676605224609375e+01 3.923616027832031250e+01
5.829499053955078125e+01 -5.458608245849609375e+01
4.266580581665039062e+00 3.529496765136718750e+01
7.590933990478515625e+01 -4.796568298339843750e+01
6.902986907958984375e+01 -7.267249107360839844e+00
3.524641799926757812e+01 -5.570163726806640625e+01
5.661959075927734375e+01 -4.740510177612304688e+01
-9.508854866027832031e+00 1.281678676605224609e+01
7.436749267578125000e+01 3.368174362182617188e+01
5.104495620727539062e+01 -5.500570678710937500e+01
5.901325988769531250e+01 2.705708885192871094e+01
2.875874328613281250e+01 -1.242033004760742188e+01
7.867498016357421875e+01 -1.349344635009765625e+01
7.060802459716796875e+01 3.727661132812500000e+01
2.556606101989746094e+01 2.913554382324218750e+01
2.268996477127075195e+00 -2.545338821411132812e+01
7.895626831054687500e+01 6.535917758941650391e+00
6.350983047485351562e+01 3.034307098388671875e+01
1.859886932373046875e+01 -2.108791542053222656e+01
3.843661499023437500e+01 -4.082789993286132812e+01
5.676320648193359375e+01 2.837282562255859375e+01
-7.354091405868530273e-01 1.213673782348632812e+01
6.080993652343750000e+01 4.106382369995117188e+01
7.113568115234375000e+01 4.310311508178710938e+01
2.216496276855468750e+01 -1.467448520660400391e+01
1.832176589965820312e+01 -1.680500221252441406e+01
4.539150619506835938e+01 -2.753778648376464844e+01
6.911486053466796875e+01 4.070141983032226562e+01
2.609643936157226562e+00 4.145854568481445312e+01
2.755349731445312500e+01 3.422558593750000000e+01
1.575630092620849609e+01 3.445649337768554688e+01
6.674365997314453125e+01 -4.092023086547851562e+01
1.896260643005371094e+01 -3.392443656921386719e+00
-2.129251718521118164e+00 8.517695426940917969e+00
-8.304960131645202637e-01 3.023199462890625000e+01
1.464092540740966797e+01 1.535745429992675781e+01
2.535090255737304688e+01 3.839509582519531250e+01
7.501675415039062500e+01 1.260017585754394531e+01
6.670397186279296875e+01 -4.560314559936523438e+01
-6.170102596282958984e+00 3.127230644226074219e+01
5.458944320678710938e+01 -5.630282211303710938e+01
4.137356567382812500e+01 -5.056155014038085938e+01
6.895798492431640625e+01 -2.185446262359619141e+00
6.692387390136718750e+01 2.769883728027343750e+01
-1.733224987983703613e+00 3.710786056518554688e+01
6.707101440429687500e+01 3.500629806518554688e+01
7.111885070800781250e+01 -4.803790569305419922e+00
6.504222869873046875e+01 2.492576026916503906e+01
6.811918640136718750e+01 -6.064343643188476562e+01
5.448207855224609375e+00 1.531239891052246094e+01
-1.042740726470947266e+01 5.831913471221923828e+00
2.101242637634277344e+01 -1.783655738830566406e+01
6.611576080322265625e+01 2.564480900764465332e-01
1.020088481903076172e+01 4.086208724975585938e+01
6.597580718994140625e+01 -5.898759841918945312e+01
5.824884033203125000e+01 3.068883323669433594e+01
7.058246612548828125e+01 3.346022033691406250e+01
1.974237632751464844e+01 2.907200050354003906e+01
4.763096809387207031e+00 2.444208562374114990e-01
7.922706604003906250e+01 1.835015296936035156e+01
6.731793212890625000e+01 9.618487358093261719e+00
3.840563583374023438e+01 -5.599129104614257812e+01
1.352245903015136719e+01 4.209078598022460938e+01
3.665888977050781250e+01 -2.077714729309082031e+01
6.322385787963867188e+01 5.421778678894042969e+00
4.010794448852539062e+01 -4.310599517822265625e+01
1.786715698242187500e+01 4.167344665527343750e+01
3.758506774902343750e+01 -4.639260482788085938e+01
1.734198188781738281e+01 3.893372726440429688e+01
3.939659500122070312e+01 1.136928558349609375e+01
4.455578231811523438e+01 -2.190688133239746094e+01
-3.098081827163696289e+00 2.468200492858886719e+01
5.103592681884765625e+01 -3.492305755615234375e+01
7.565986633300781250e+01 1.641691398620605469e+01
5.969474029541015625e+01 -4.187892532348632812e+01
6.386904907226562500e+01 -5.326757812500000000e+01
1.418527317047119141e+01 3.055076789855957031e+01
4.376880645751953125e+01 -2.498826408386230469e+01
5.720917510986328125e+01 -5.774522399902343750e+01
4.283953857421875000e+01 -5.849705505371093750e+01
2.479537582397460938e+01 -1.385648155212402344e+01
7.865035247802734375e+01 3.148345184326171875e+01
4.648772811889648438e+01 -5.565193176269531250e+01
1.574405765533447266e+01 -3.742799758911132812e+01
1.047027873992919922e+01 6.703036308288574219e+00
3.847354507446289062e+01 8.419399261474609375e+00
4.777091026306152344e+00 1.084139537811279297e+01
4.847887420654296875e+01 2.642740440368652344e+01
-8.015338897705078125e+01 3.773400497436523438e+01
1.887851905822753906e+01 2.527482414245605469e+01
-3.215946578979492188e+01 4.447292709350585938e+01
-6.397208404541015625e+01 -2.657630348205566406e+01
-5.113951683044433594e+00 -1.224908065795898438e+01
-3.768667602539062500e+01 6.671826839447021484e+00
-5.115102386474609375e+01 -3.965345621109008789e+00
-6.570869445800781250e+01 -3.877745437622070312e+01
-5.194118881225585938e+01 -2.664982986450195312e+01
-6.122463607788085938e+01 4.934728622436523438e+01
-5.570964050292968750e+01 -3.183090591430664062e+01
-7.173465728759765625e+01 3.350950241088867188e+00
-1.612374687194824219e+01 -6.932007789611816406e+00
-4.526464462280273438e+01 1.472699642181396484e+01
-7.088220977783203125e+01 3.147069931030273438e+01
-1.528759479522705078e+00 -1.318673419952392578e+01
-2.961467170715332031e+01 -3.634527969360351562e+01
-3.748201751708984375e+01 1.045900058746337891e+01
-4.692639541625976562e+01 -4.638502883911132812e+01
-7.386901092529296875e+01 3.168654441833496094e+01
-6.653865051269531250e+01 3.336504364013671875e+01
-5.205089187622070312e+01 9.091971397399902344e+00
-3.928545761108398438e+01 6.075564622879028320e-01
-1.602645111083984375e+01 -1.364683151245117188e+00
-7.511642456054687500e+01 4.671780014038085938e+01
-7.001263427734375000e+01 -2.287375688552856445e+00
-6.316103744506835938e+01 4.105376815795898438e+01
-4.672610092163085938e+01 -4.224043655395507812e+01
-6.131208419799804688e+01 4.352907562255859375e+01
-6.096747970581054688e+01 -2.662130928039550781e+01
-1.449662971496582031e+01 -1.118509387969970703e+01
-3.342566680908203125e+01 4.689472198486328125e+01
-5.884284973144531250e+01 -3.806255722045898438e+01
3.366896820068359375e+01 -4.075180530548095703e+00
-2.999798774719238281e+01 -4.476242446899414062e+01
-3.503443527221679688e+01 3.342095947265625000e+01
-5.223440551757812500e+01 4.356841278076171875e+01
-3.472003936767578125e+01 1.586507511138916016e+01
-7.716358947753906250e+01 3.734598159790039062e+01
-3.431983947753906250e+01 2.266445732116699219e+01
-2.540411567687988281e+01 -1.939064788818359375e+01
-3.532308959960937500e+01 -4.257918167114257812e+01
5.520109653472900391e+00 4.265200424194335938e+01
-5.464513778686523438e+01 -1.831993293762207031e+01
-5.641584777832031250e+01 1.234132671356201172e+01
-4.288676452636718750e+01 -2.913191795349121094e+01
-2.808342170715332031e+01 4.172443008422851562e+01
2.489669036865234375e+01 2.569764709472656250e+01
-2.072300338745117188e+01 -1.889155197143554688e+01
-6.023867034912109375e+01 -2.165335464477539062e+01
-3.095724296569824219e+01 -2.554008007049560547e+00
-4.642279052734375000e+01 1.158570194244384766e+01
-2.148256874084472656e+01 -3.545973968505859375e+01
-5.355363845825195312e+01 -1.542298793792724609e+01
-5.972241592407226562e+01 -4.508652877807617188e+01
-3.606095886230468750e+01 2.679765510559082031e+01
-5.511543273925781250e+01 3.058827209472656250e+01
-5.947444152832031250e+01 -3.140823554992675781e+01
-5.962068939208984375e+01 1.318499946594238281e+01
-5.771599960327148438e+01 4.975284576416015625e+01
-6.435478210449218750e+01 -3.310518646240234375e+01
-4.157081604003906250e+01 4.551989746093750000e+01
-2.566127395629882812e+01 -3.621498870849609375e+01
-2.908451843261718750e+01 1.010414886474609375e+01
-6.568847656250000000e+01 4.798025131225585938e+01
-4.164729309082031250e+01 9.924286842346191406e+00
-6.882705688476562500e+01 -4.540231704711914062e+00
-6.783193206787109375e+01 2.907370185852050781e+01
1.629722213745117188e+01 9.117962837219238281e+00
-5.141556549072265625e+01 -6.238434910774230957e-01
-5.639706802368164062e+01 5.374573516845703125e+01
-1.674880790710449219e+01 -2.091615295410156250e+01
-2.881094169616699219e+01 -4.242750167846679688e+01
-5.917834854125976562e+01 3.960112762451171875e+01
-2.508143997192382812e+01 -3.344279098510742188e+01
-2.203290176391601562e+01 -2.531523227691650391e+00
-3.977938461303710938e+01 -6.298915386199951172e+00
-3.748700332641601562e+01 -1.667560386657714844e+01
-4.645560073852539062e+01 5.364175796508789062e+01
-7.769038391113281250e+01 4.505880737304687500e+01
-6.973235607147216797e+00 -1.767756652832031250e+01
-3.650857925415039062e+01 1.357391452789306641e+01
-4.108423614501953125e+01 -1.318857002258300781e+01
-4.996587371826171875e+01 -9.002577781677246094e+00
-8.871638298034667969e+00 -2.365037345886230469e+01
-6.325325775146484375e+01 9.635582923889160156e+00
-7.170365905761718750e+01 -5.290324211120605469e+00
-5.977508544921875000e+01 5.266736984252929688e+01
-3.647879409790039062e+01 4.368941497802734375e+01
-4.081912612915039062e+01 -1.656517028808593750e+01
5.492566680908203125e+01 4.641593933105468750e+01
5.744644927978515625e+01 4.662113189697265625e+01
-5.661885452270507812e+01 -1.084082508087158203e+01
-2.936955690383911133e+00 -2.228157424926757812e+01
-8.254151916503906250e+01 3.602325439453125000e+01
-6.405789184570312500e+01 6.780690670013427734e+00
-2.528447914123535156e+01 -1.665462684631347656e+01
-7.165010833740234375e+01 4.880570220947265625e+01
-4.631023025512695312e+01 -1.740839767456054688e+01
-1.722252273559570312e+01 1.330237865447998047e+01
-7.965943145751953125e+01 3.498036956787109375e+01
-4.392718887329101562e+01 -3.491267776489257812e+01
-1.948537635803222656e+01 -1.943595886230468750e+00
-4.253345870971679688e+01 1.567360210418701172e+01
-6.433649444580078125e+01 2.925024604797363281e+01
-5.234371185302734375e+01 -3.295386123657226562e+01
-1.883858871459960938e+01 2.924760246276855469e+01
5.831261157989501953e+00 -2.131299972534179688e+01
-2.331694793701171875e+01 -1.037842845916748047e+01
-5.434218978881835938e+01 5.201657867431640625e+01
-7.102921295166015625e+01 4.598051071166992188e+01
-6.615637207031250000e+01 -2.496438026428222656e+00
-5.626921081542968750e+01 1.531980514526367188e+01
5.307929515838623047e+00 -1.691221237182617188e+01
-3.984113311767578125e+01 -3.324904251098632812e+01
1.588256645202636719e+01 5.705376148223876953e+00
-7.403111267089843750e+01 9.973033517599105835e-02
-8.060223579406738281e+00 -2.061648178100585938e+01
-3.941038894653320312e+01 -3.014702987670898438e+01
-1.590665149688720703e+01 2.887264633178710938e+01
-7.308493804931640625e+01 -2.602991104125976562e+00
-6.190836334228515625e+01 1.589217948913574219e+01
-6.145742416381835938e+01 -1.092297172546386719e+01
-4.656380462646484375e+01 3.087661552429199219e+01
-2.977937126159667969e+01 -8.569713592529296875e+00
-4.680798339843750000e+01 -3.306948471069335938e+01
-5.789919281005859375e+01 5.199624538421630859e+00
-6.668865966796875000e+01 5.137564849853515625e+01
3.062064743041992188e+01 -6.215590834617614746e-01
-2.729490280151367188e+01 -3.525417804718017578e+00
-6.900572204589843750e+01 3.544511413574218750e+01
-6.351874542236328125e+01 5.092070770263671875e+01
-2.833830451965332031e+01 -2.524321746826171875e+01
-3.444687366485595703e+00 -1.738014602661132812e+01
-5.061775207519531250e+01 3.901599884033203125e+01
-1.865410804748535156e+01 -2.323432922363281250e+01
-2.961560821533203125e+01 -3.310790634155273438e+01
-2.086391639709472656e+01 -1.605767059326171875e+01
-4.347738647460937500e+01 5.314019775390625000e+01
-2.020255851745605469e+01 1.548913121223449707e+00
-3.401835250854492188e+01 4.009230041503906250e+01
-1.814198493957519531e+01 -4.556460380554199219e+00
-5.492500686645507812e+01 4.188156509399414062e+01
-3.232876968383789062e+01 1.058782863616943359e+01
-5.717541885375976562e+01 -1.630226707458496094e+01
-2.460988807678222656e+01 -2.839145088195800781e+01
-2.174829292297363281e+01 2.943961334228515625e+01
-4.861860275268554688e+01 1.737821769714355469e+01
-2.592116355895996094e+01 -2.269661712646484375e+01
-3.172603034973144531e+01 -2.619740867614746094e+01
-1.307277393341064453e+01 -2.480012321472167969e+01
-6.839710235595703125e+01 4.368577575683593750e+01
-2.947709274291992188e+01 3.090690374374389648e+00
-4.142733383178710938e+01 2.952854156494140625e+00
-7.412796783447265625e+01 4.400077819824218750e+01
-4.773715591430664062e+01 -5.135139465332031250e+00
-5.173332214355468750e+01 -4.767681884765625000e+01
-1.181634712219238281e+01 -2.226887893676757812e+01
-5.139888000488281250e+01 -1.269332313537597656e+01
3.440849304199218750e+01 3.035277605056762695e+00
-4.139820861816406250e+01 6.973102569580078125e+00
-6.591023254394531250e+01 -3.584912490844726562e+01
-7.671248626708984375e+01 4.260934829711914062e+01
-1.248216152191162109e+01 -1.392681789398193359e+01
-4.039632797241210938e+01 3.430703735351562500e+01
2.191480159759521484e+00 -2.154292678833007812e+01
-3.802623367309570312e+01 1.661588478088378906e+01
-3.826223373413085938e+01 5.158740234375000000e+01
-2.941107034683227539e+00 -8.214510917663574219e+00
-5.300036621093750000e+01 3.772629165649414062e+01
-5.808275604248046875e+01 1.063891768455505371e+00
-6.622064971923828125e+01 3.912372970581054688e+01
-2.112719726562500000e+01 -3.838859939575195312e+01
5.581042170524597168e-01 -1.629294776916503906e+01
-2.026739883422851562e+01 -6.419782161712646484e+00
-6.710872650146484375e+01 2.184558296203613281e+01
-6.500043487548828125e+01 -4.142111587524414062e+01
-4.683028411865234375e+01 -1.393362808227539062e+01
-3.648564529418945312e+01 -3.323252868652343750e+01
-3.872381210327148438e+01 4.159233856201171875e+01
-6.175022888183593750e+01 -4.323064804077148438e+01
-5.631167984008789062e+01 -4.378769683837890625e+01
-4.133671569824218750e+01 -3.589984512329101562e+01
-5.336392211914062500e+01 -3.621283721923828125e+01
-8.689701080322265625e+00 -1.276594448089599609e+01
4.127506256103515625e+00 -3.131173706054687500e+01
-4.703036499023437500e+01 -1.034844017028808594e+01
-5.699687957763671875e+01 3.712629318237304688e+01
-3.089588546752929688e+01 -1.132176494598388672e+01
-1.959063911437988281e+01 -3.251215744018554688e+01
-1.998417091369628906e+01 3.237453460693359375e+01
-6.271378707885742188e+01 4.707199478149414062e+01
-3.522223281860351562e+01 1.860667037963867188e+01
-6.411165618896484375e+01 -2.120886230468750000e+01
-5.316482162475585938e+01 -1.025703239440917969e+01
1.536389064788818359e+01 2.576533508300781250e+01
-4.319567871093750000e+01 3.089793777465820312e+01
-4.416483306884765625e+01 2.502847099304199219e+01
-5.380707168579101562e+01 -2.160038757324218750e+01
-6.870880889892578125e+01 -3.576436233520507812e+01
-3.986859130859375000e+01 1.266897678375244141e+01
-1.082174205780029297e+01 -1.917957115173339844e+01
-8.252531433105468750e+01 3.319832992553710938e+01
-3.593213653564453125e+01 3.813470840454101562e+01
-2.848232460021972656e+01 1.870038986206054688e+01
-4.616784286499023438e+01 5.657622528076171875e+01
-4.903403854370117188e+01 3.401134109497070312e+01
-4.950077438354492188e+01 1.391344070434570312e+01
-6.208037567138671875e+01 5.405094146728515625e+01
-3.567694854736328125e+01 -2.823158836364746094e+01
-6.243513488769531250e+01 -1.676236033439636230e+00
-3.065877342224121094e+01 4.725500869750976562e+01
-7.927494812011718750e+01 3.239714813232421875e+01
-4.734705352783203125e+01 7.887462615966796875e+00
-2.795398330688476562e+01 -2.067411994934082031e+01
-2.144773453474044800e-01 -9.958560943603515625e+00
-5.383749389648437500e+01 1.383258628845214844e+01
-3.860314178466796875e+01 -3.708757781982421875e+01
-6.799004364013671875e+01 9.620858192443847656e+00
-7.094633483886718750e+01 1.765412390232086182e-01
-1.838621520996093750e+01 -1.710578727722167969e+01
-7.057288360595703125e+01 2.528962516784667969e+01
-3.187248611450195312e+01 1.392674255371093750e+01
-3.269695281982421875e+01 -4.165559005737304688e+01
-5.002100372314453125e+01 -2.159942245483398438e+01
-5.890621185302734375e+01 4.643045425415039062e+01
-6.326064682006835938e+01 -1.409853172302246094e+01
-7.468482208251953125e+01 -7.874963283538818359e+00
-6.045068740844726562e+01 -1.373995399475097656e+01
-3.400017929077148438e+01 4.985784912109375000e+01
-2.423851966857910156e+01 -1.286239814758300781e+01
-5.944264221191406250e+01 1.653172111511230469e+01
-5.881814956665039062e+01 -2.121869802474975586e+00
-3.168190574645996094e+01 5.420045375823974609e+00
-5.716656494140625000e+01 1.861035728454589844e+01
-2.191755676269531250e+01 -2.834410095214843750e+01
-6.113432693481445312e+01 2.684076118469238281e+01
-3.926062393188476562e+01 -2.908687973022460938e+01
-6.257121658325195312e+01 -5.897563934326171875e+00
-1.454889011383056641e+01 1.988057708740234375e+01
2.888826608657836914e+00 -1.871518325805664062e+01
-2.744287490844726562e+01 -6.363964080810546875e+00
-1.795145988464355469e+01 1.095384788513183594e+01
-2.643845939636230469e+01 3.853724288940429688e+01
-4.624955749511718750e+01 5.088110733032226562e+01
-6.756771087646484375e+01 -3.305605697631835938e+01
-5.234906768798828125e+01 -4.500136947631835938e+01
-5.848324966430664062e+01 -4.234175491333007812e+01
-4.215560531616210938e+01 2.188450241088867188e+01
-5.511306762695312500e+01 -4.134515380859375000e+01
-7.445315551757812500e+01 2.878385543823242188e+01
-5.537539291381835938e+01 -3.481893157958984375e+01
-5.602586746215820312e+01 -2.731425094604492188e+01
-3.066298103332519531e+01 2.122059631347656250e+01
-5.396766281127929688e+01 2.054909133911132812e+01
-3.788411712646484375e+01 4.587218475341796875e+01
-4.039025115966796875e+01 5.383757781982421875e+01
-5.074084091186523438e+01 -1.649685287475585938e+01
-6.065810394287109375e+01 7.330245018005371094e+00
-4.834399414062500000e+01 4.435315322875976562e+01
-6.345602035522460938e+01 -1.759366226196289062e+01
-4.320632171630859375e+01 1.869779205322265625e+01
-6.009681701660156250e+01 2.641382789611816406e+01
-6.284001922607421875e+01 3.661679840087890625e+01
-4.238860321044921875e+01 -5.237256526947021484e+00
-4.348965072631835938e+01 -1.775735092163085938e+01
-5.439852523803710938e+01 -7.480559349060058594e+00
-7.157215118408203125e+01 3.781851196289062500e+01
-4.155718994140625000e+01 5.088436508178710938e+01
-6.583377075195312500e+01 -2.413758659362792969e+01
3.472869110107421875e+01 -1.602905035018920898e+00
3.516459274291992188e+01 5.306043148040771484e+00
-6.055022048950195312e+01 -3.498447418212890625e+01
-6.254886627197265625e+01 3.282343292236328125e+01
6.529453754425048828e+00 -3.326145553588867188e+01
-6.266314315795898438e+01 -2.327667999267578125e+01
-4.049703216552734375e+01 -4.448412322998046875e+01
-4.391913986206054688e+01 4.938876342773437500e+01
-4.476268768310546875e+01 8.194686889648437500e+00
-5.128221893310546875e+01 4.655785369873046875e+01
-6.914913940429687500e+01 -1.368640422821044922e+01
-3.832071304321289062e+01 2.110541915893554688e+01
-5.495613098144531250e+01 -3.737728834152221680e+00
-6.495811462402343750e+01 2.646843719482421875e+01
-6.992162322998046875e+01 4.091850280761718750e+01
1.821784210205078125e+01 -2.583560180664062500e+01
-4.305716705322265625e+01 -3.222653961181640625e+01
-4.010935211181640625e+01 2.918885231018066406e+01
-1.407280635833740234e+01 3.370225524902343750e+01
-2.210201454162597656e+01 -3.120030403137207031e+01
-6.370777130126953125e+01 1.675538063049316406e+00
-3.222497558593750000e+01 -3.485052490234375000e+01
-4.088356781005859375e+01 -1.759605646133422852e+00
-1.092294692993164062e+01 -1.058156967163085938e+01
-2.275230407714843750e+01 7.709812521934509277e-01
-3.996497344970703125e+01 -1.959367752075195312e+01
-1.229871368408203125e+01 1.467248725891113281e+01
-5.527421569824218750e+01 -7.390908598899841309e-01
-2.799952316284179688e+01 -1.725286674499511719e+01
-3.371440505981445312e+01 -3.090908432006835938e+01
-6.458734893798828125e+01 4.434973526000976562e+01
-4.392621994018554688e+01 -4.466637039184570312e+01
-5.417810058593750000e+01 1.750454711914062500e+01
3.168779182434082031e+01 3.733091592788696289e+00
-1.380882930755615234e+01 -4.694073200225830078e+00
-2.766349029541015625e+01 -1.338082599639892578e+01
-4.033977127075195312e+01 3.319107055664062500e+01
-6.801403808593750000e+01 -3.051810562610626221e-01
-4.296984863281250000e+01 5.599905395507812500e+01
-2.820149421691894531e+01 1.370431709289550781e+01
-2.683699989318847656e+01 -8.995561599731445312e+00
-3.924049377441406250e+01 2.602047729492187500e+01
-7.986058807373046875e+01 4.220407104492187500e+01
-6.877354431152343750e+01 2.907960653305053711e+00
-7.288446044921875000e+01 3.514461135864257812e+01
-5.500164031982421875e+01 3.096986007690429688e+01
-5.455843353271484375e+01 -4.762371444702148438e+01
-4.470178985595703125e+01 3.393305969238281250e+01
-5.226099777221679688e+01 6.503143310546875000e+00
