1.123316421508789062e+02 -6.266272068023681641e+00 2.005521965026855469e+01
4.021698379516601562e+01 1.441388607025146484e+01 3.024676704406738281e+01
4.514605712890625000e+01 -8.368866729736328125e+01 -1.048541450500488281e+01
7.374812316894531250e+01 -3.129730796813964844e+01 7.857141017913818359e+00
1.359427833557128906e+01 -1.562701034545898438e+01 1.235061740875244141e+01
-5.311975097656250000e+01 -8.048983764648437500e+01 -4.900831222534179688e+01
7.313745117187500000e+01 4.994394683837890625e+01 2.961914634704589844e+01
4.972765350341796875e+01 3.680345153808593750e+01 -7.583409118652343750e+01
9.524254608154296875e+01 2.502856826782226562e+01 -1.005377292633056641e+01
7.586611175537109375e+01 -5.766003131866455078e+00 -6.104666900634765625e+01
5.695830154418945312e+01 2.778991889953613281e+01 -3.461678266525268555e+00
3.393554687500000000e+01 7.909387207031250000e+01 -2.332682800292968750e+01
8.628947448730468750e+01 5.251993942260742188e+01 -2.918994712829589844e+01
9.196900367736816406e+00 4.798312759399414062e+01 -4.204285430908203125e+01
5.506151962280273438e+01 4.803283691406250000e+01 -6.838234710693359375e+01
1.515816402435302734e+01 1.715144920349121094e+01 7.832806396484375000e+01
3.945750045776367188e+01 -3.418590068817138672e+00 3.852322769165039062e+01
6.655643463134765625e+01 -4.113571166992187500e+01 -2.122958374023437500e+01
-7.315372943878173828e+00 6.259157180786132812e+01 -6.633823394775390625e+01
6.390737915039062500e+01 -1.688940429687500000e+01 -4.093927764892578125e+01
2.095675086975097656e+01 2.200720214843750000e+01 -3.696743011474609375e+01
6.389613723754882812e+01 -5.285069656372070312e+01 1.004130554199218750e+01
2.405556678771972656e+01 1.376578044891357422e+01 6.496823883056640625e+01
9.488725280761718750e+01 -2.245283699035644531e+01 -3.892325210571289062e+01
1.016405029296875000e+02 6.381025910377502441e-01 -3.633750152587890625e+01
7.319622039794921875e+00 1.169508743286132812e+01 3.832807242870330811e-01
7.613914489746093750e+01 2.168985557556152344e+01 6.013596534729003906e+00
5.748343276977539062e+01 1.710253477096557617e+00 -3.830366516113281250e+01
-3.459620237350463867e+00 -2.678719139099121094e+01 -9.977273559570312500e+01
1.124317455291748047e+01 4.624935531616210938e+01 -2.342313194274902344e+01
7.713641357421875000e+01 1.903423690795898438e+01 -3.959989166259765625e+01
-1.410660266876220703e+01 7.872647094726562500e+01 -3.102829933166503906e+01
7.869518280029296875e+01 1.941930770874023438e+01 4.814424514770507812e+01
7.661918640136718750e+01 5.266621017456054688e+01 -3.388018417358398438e+01
9.779616355895996094e+00 -4.042432785034179688e+01 -4.433297157287597656e+00
7.456039428710937500e+01 3.693817901611328125e+01 -5.303069686889648438e+01
-6.580938816070556641e+00 5.286034774780273438e+01 -7.144880676269531250e+01
2.877301931381225586e+00 -3.612192535400390625e+01 5.917681884765625000e+01
8.649645233154296875e+01 -2.135413932800292969e+01 -5.762748122215270996e-01
3.451764297485351562e+01 3.363400268554687500e+01 2.248385238647460938e+01
5.898290252685546875e+01 1.594563198089599609e+01 -4.883570861816406250e+01
3.841093063354492188e+01 -4.251563644409179688e+01 -3.128848838806152344e+01
2.973694086074829102e+00 -5.500305175781250000e+01 3.193460273742675781e+01
3.547413635253906250e+01 -6.575911712646484375e+01 -1.763244819641113281e+01
4.453281021118164062e+01 2.489893722534179688e+01 6.982192993164062500e+01
2.509588623046875000e+01 -5.671985149383544922e+00 -5.154411315917968750e+01
7.501541137695312500e+01 2.361557769775390625e+01 -6.459084320068359375e+01
4.185277938842773438e+01 -2.941633224487304688e+01 -1.679181671142578125e+01
4.238489151000976562e+00 -2.407145118713378906e+01 2.976379013061523438e+01
2.334658813476562500e+01 -8.797464752197265625e+01 -4.390607833862304688e+01
1.894963264465332031e+01 2.507552909851074219e+01 3.300218582153320312e+01
1.382021665573120117e+00 -1.395262718200683594e+01 9.053641510009765625e+01
4.714619827270507812e+01 -6.324554920196533203e+00 6.612046813964843750e+01
1.304727077484130859e+01 -1.975459694862365723e+00 4.888069534301757812e+01
9.998474717140197754e-01 2.251492500305175781e+01 -4.868054580688476562e+01
6.325531387329101562e+01 -1.238365936279296875e+01 -5.121565818786621094e+00
4.567153930664062500e+01 -7.510472869873046875e+01 -4.394652175903320312e+01
8.998629760742187500e+01 9.491973876953125000e+00 -3.987261962890625000e+01
2.074249267578125000e+01 -5.265451431274414062e+01 4.799507522583007812e+01
1.122409629821777344e+01 2.192755937576293945e+00 1.880903005599975586e+00
1.330347251892089844e+01 -3.465754032135009766e+00 -1.694137382507324219e+01
8.665274047851562500e+01 -5.528102874755859375e+01 1.526165103912353516e+01
9.015393066406250000e+01 3.230867385864257812e+01 -3.553200912475585938e+01
1.235784683227539062e+02 -1.146834030151367188e+02 1.021608657836914062e+02
7.064899444580078125e+01 3.143046569824218750e+01 6.277690529823303223e-01
1.527380752563476562e+01 -5.179644775390625000e+01 3.828975677490234375e+01
3.087243270874023438e+01 -4.622673797607421875e+01 -2.450891304016113281e+01
2.899443054199218750e+01 7.735470581054687500e+01 1.371213626861572266e+01
4.362018108367919922e+00 6.453115081787109375e+01 -3.361855316162109375e+01
2.077597236633300781e+01 3.435170745849609375e+01 7.642436218261718750e+01
4.409616470336914062e+01 3.393995666503906250e+01 -5.320266723632812500e+01
1.189398574829101562e+02 2.988298988342285156e+01 4.390322685241699219e+00
3.159414482116699219e+01 -2.739378929138183594e+01 7.155834197998046875e+01
5.153178787231445312e+01 2.906633949279785156e+01 5.722150039672851562e+01
6.894844055175781250e+01 -2.967749595642089844e+01 -7.563705921173095703e+00
-2.280721902847290039e+00 1.025256729125976562e+02 -2.894878196716308594e+01
6.068374633789062500e+01 2.577710151672363281e+01 3.628382110595703125e+01
1.295190906524658203e+01 -2.548555564880371094e+01 9.845217132568359375e+01
1.464291763305664062e+01 -6.398244094848632812e+01 7.382197570800781250e+01
1.143161468505859375e+02 1.580108165740966797e+01 2.082952308654785156e+01
6.871871948242187500e+01 -4.773042297363281250e+01 2.610845947265625000e+01
5.252740478515625000e+01 -2.148698806762695312e+01 -8.729531860351562500e+01
2.985356712341308594e+01 -7.025038146972656250e+01 1.229068946838378906e+01
9.267559051513671875e+00 -2.996571159362792969e+01 7.268544769287109375e+01
5.669175338745117188e+01 3.609696578979492188e+01 -1.765663719177246094e+01
3.696102142333984375e+01 4.020541381835937500e+01 -3.931484603881835938e+01
3.200752258300781250e+01 -8.302012634277343750e+01 -1.964579772949218750e+01
8.762213134765625000e+01 2.777100563049316406e+01 5.404915618896484375e+01
1.046625137329101562e+02 1.518186283111572266e+01 -4.015116882324218750e+01
7.430920410156250000e+01 -3.181819343566894531e+01 2.586640739440917969e+01
1.064608840942382812e+02 2.608022689819335938e+01 3.559670257568359375e+01
8.297232055664062500e+01 -1.384117364883422852e+00 -4.624894714355468750e+01
4.538226699829101562e+01 4.605738830566406250e+01 -7.820835876464843750e+01
3.024984359741210938e+01 -3.463278198242187500e+01 3.893630599975585938e+01
1.076174926757812500e+02 2.103480339050292969e+00 2.998628139495849609e+00
4.679071807861328125e+01 -2.075145912170410156e+01 8.193290710449218750e+00
5.139983367919921875e+01 -5.788080215454101562e+01 7.049916267395019531e+00
4.044184875488281250e+01 2.401001167297363281e+01 -3.000404357910156250e+01
4.596953868865966797e+00 6.745279693603515625e+01 -4.959188842773437500e+01
8.055644989013671875e+01 -3.025122833251953125e+01 -1.637284278869628906e+01
3.226121902465820312e+01 1.429735851287841797e+01 2.180250549316406250e+01
-9.301499128341674805e-01 6.929270172119140625e+01 -1.870788192749023438e+01
3.186741638183593750e+01 -8.660813570022583008e-01 5.222769165039062500e+01
1.187718772888183594e+01 -4.814643859863281250e+01 1.212933349609375000e+01
2.358192825317382812e+01 3.712141799926757812e+01 -6.985044860839843750e+01
1.557561969757080078e+01 1.617719268798828125e+01 5.311304092407226562e+01
1.209675312042236328e+01 -1.772055816650390625e+01 -2.245078659057617188e+01
1.494132041931152344e+01 5.959158706665039062e+01 -1.781019592285156250e+01
2.626809120178222656e+01 5.221199798583984375e+01 -1.367286014556884766e+01
2.799183273315429688e+01 -1.372922134399414062e+01 5.339345932006835938e+01
1.386459445953369141e+01 -8.870514631271362305e-01 -6.383677673339843750e+01
3.937656784057617188e+01 -7.561492156982421875e+01 -2.343116378784179688e+01
6.594404602050781250e+01 4.856676483154296875e+01 1.884532737731933594e+01
9.887734222412109375e+01 -8.965622901916503906e+00 4.821001815795898438e+01
3.136235809326171875e+01 9.662182617187500000e+01 6.298460483551025391e+00
5.382099151611328125e+01 -5.304996871948242188e+01 2.228447532653808594e+01
1.476693898439407349e-01 4.111824035644531250e+01 -7.438587951660156250e+01
6.575464630126953125e+01 7.212307929992675781e+00 -6.868052673339843750e+01
8.586154937744140625e+01 1.793799400329589844e+01 7.040409851074218750e+01
4.149512481689453125e+01 1.734123039245605469e+01 -4.827997970581054688e+01
2.736764907836914062e+01 7.497197151184082031e+00 -3.995978164672851562e+01
1.291622352600097656e+01 8.010888671875000000e+01 -1.376852321624755859e+01
3.087148094177246094e+01 -1.259342269897460938e+02 4.238299942016601562e+01
7.555345153808593750e+01 -4.437600326538085938e+01 1.440010070800781250e+01
7.633006286621093750e+01 -2.249886703491210938e+01 -6.619684600830078125e+01
2.297083437442779541e-01 1.243075370788574219e+01 -4.931732559204101562e+01
6.343343353271484375e+01 -1.691743278503417969e+01 1.031665515899658203e+01
2.236709213256835938e+01 2.011290168762207031e+01 -7.233770370483398438e+00
-2.553948783874511719e+01 4.974021911621093750e+00 -4.356653594970703125e+01
1.039167938232421875e+02 1.084553122520446777e+00 1.550176525115966797e+01
1.630019378662109375e+01 -4.587144470214843750e+01 8.242281341552734375e+01
7.782305908203125000e+01 1.311893177032470703e+01 -5.720597076416015625e+01
2.253731536865234375e+01 -1.743720817565917969e+01 -4.091607284545898438e+01
4.536124038696289062e+01 -1.961849594116210938e+01 -7.886059761047363281e+00
2.672762298583984375e+01 -2.312905883789062500e+01 3.901539230346679688e+01
7.234494781494140625e+01 4.388094329833984375e+01 -1.176749587059020996e+00
7.434673309326171875e+01 -6.791520690917968750e+01 4.476601123809814453e+00
1.060212783813476562e+02 1.227565169334411621e+00 5.517497634887695312e+01
2.329969596862792969e+01 2.410036277770996094e+01 1.540775203704833984e+01
6.154588699340820312e+01 9.110039710998535156e+00 1.032889604568481445e+00
4.153296661376953125e+01 -3.826289749145507812e+01 -5.628918075561523438e+01
8.101899719238281250e+01 -4.669628524780273438e+01 -5.482270431518554688e+01
8.755818176269531250e+01 2.667840957641601562e+01 2.914556884765625000e+01
2.102431297302246094e+01 2.552365303039550781e+01 5.698864364624023438e+01
8.005099487304687500e+01 -6.093762588500976562e+01 2.596177482604980469e+01
8.274308013916015625e+01 -2.254017639160156250e+01 5.187966918945312500e+01
5.357297897338867188e+00 -3.180050468444824219e+01 -9.501655578613281250e+00
5.524314117431640625e+01 -6.332059383392333984e+00 3.877315759658813477e+00
2.198476982116699219e+01 8.469303894042968750e+01 8.269851684570312500e+00
1.418964958190917969e+01 -2.319149398803710938e+01 2.548928070068359375e+01
1.189244613647460938e+02 1.657153964042663574e+00 1.186682415008544922e+01
8.556105041503906250e+01 3.907311248779296875e+01 -4.304204559326171875e+01
4.373473739624023438e+01 4.828009796142578125e+01 -4.207959365844726562e+01
9.037141418457031250e+01 -4.621233749389648438e+01 2.617128372192382812e+01
4.278363037109375000e+01 1.834384536743164062e+01 1.750541305541992188e+01
4.493345260620117188e+01 -3.160998725891113281e+01 -2.603541314601898193e-01
-3.569181635975837708e-02 -3.058773231506347656e+01 9.067847442626953125e+01
3.202548980712890625e+01 4.589230346679687500e+01 1.448476505279541016e+01
4.268782806396484375e+01 -1.990229988098144531e+01 5.182727813720703125e+01
6.943464279174804688e+00 -1.416672110557556152e+00 3.886102676391601562e+01
7.157221984863281250e+01 2.458441495895385742e+00 3.562956237792968750e+01
7.017713165283203125e+01 1.330419301986694336e+00 -4.830061721801757812e+01
8.369338226318359375e+01 -5.034022903442382812e+01 -7.986959815025329590e-01
1.989348793029785156e+01 -3.524377822875976562e+00 6.397463989257812500e+01
-7.146244525909423828e+00 -1.673154640197753906e+01 5.069826889038085938e+01
9.465396881103515625e+01 -1.848497581481933594e+01 -5.869838333129882812e+01
6.090819931030273438e+01 5.082175731658935547e+00 -5.909464263916015625e+01
2.037278652191162109e+00 -1.237020778656005859e+01 5.816865921020507812e+01
1.170204544067382812e+02 -1.190706539154052734e+01 -9.166095733642578125e+00
8.454543304443359375e+01 3.622040033340454102e+00 1.749095344543457031e+01
1.956657218933105469e+01 6.725730133056640625e+01 3.784977436065673828e+00
3.851710128784179688e+01 2.045012474060058594e+01 8.133745574951171875e+01
9.121992492675781250e+01 -7.971290111541748047e+00 -3.391725158691406250e+01
2.146663665771484375e+01 6.515090942382812500e+01 -5.140539550781250000e+01
1.002958145141601562e+02 2.828733062744140625e+01 3.894166231155395508e+00
3.972470474243164062e+01 -1.331549406051635742e+00 -8.014598083496093750e+01
2.134496688842773438e+01 7.322701263427734375e+01 -2.766073036193847656e+01
4.778113555908203125e+01 4.729808807373046875e+00 2.384438133239746094e+01
7.813597106933593750e+01 8.235471725463867188e+00 -1.582392501831054688e+01
2.201232719421386719e+01 8.858709716796875000e+01 -4.065293121337890625e+01
1.660248184204101562e+01 -2.113008689880371094e+01 5.390043640136718750e+01
8.445499539375305176e-01 4.341292190551757812e+01 -1.385946750640869141e+01
9.785802459716796875e+01 -3.757159042358398438e+01 4.598178863525390625e+00
9.922773361206054688e+00 -8.311827659606933594e+00 8.143150329589843750e+01
8.281205749511718750e+01 3.767625427246093750e+01 -6.283509063720703125e+01
1.819313049316406250e+01 5.839208602905273438e+01 -2.900410461425781250e+01
5.667931747436523438e+01 -3.908176803588867188e+01 1.731759834289550781e+01
-7.622717285156250000e+01 -6.842913818359375000e+01 -5.520366287231445312e+01
2.387261962890625000e+01 1.332665061950683594e+01 -8.992882537841796875e+01
5.780005264282226562e+01 -5.505584335327148438e+01 -1.057005691528320312e+01
3.939215850830078125e+01 2.419912910461425781e+01 -8.931282043457031250e+01
6.876066589355468750e+01 -4.613784027099609375e+01 -6.948647022247314453e+00
1.217007541656494141e+01 4.547049713134765625e+01 2.395352554321289062e+01
7.326217651367187500e+01 -6.017170715332031250e+01 -1.521059608459472656e+01
1.659387588500976562e+01 9.433238220214843750e+01 -1.569936275482177734e+01
2.524161148071289062e+01 3.703348922729492188e+01 -5.533289337158203125e+01
8.960905456542968750e+01 5.607569694519042969e+00 -6.046916580200195312e+01
-5.281873703002929688e+00 8.695155334472656250e+01 -5.092726516723632812e+01
3.763328552246093750e+01 1.147682952880859375e+01 -2.456532859802246094e+01
3.543255615234375000e+01 -2.446747016906738281e+01 -4.962716293334960938e+01
8.220195770263671875e+01 -1.930214500427246094e+01 -4.830696868896484375e+01
2.113549995422363281e+01 -2.967394447326660156e+01 -3.156261920928955078e+00
3.565565872192382812e+01 4.119760894775390625e+01 3.318234634399414062e+01
8.190527343750000000e+01 -5.067536544799804688e+01 -4.243817138671875000e+01
5.731684684753417969e+00 8.527040863037109375e+01 -4.318306732177734375e+01
5.073236846923828125e+01 2.217116355895996094e+00 -7.087631225585937500e+01
1.107647705078125000e+02 1.652920913696289062e+01 8.612336158752441406e+00
2.209919738769531250e+01 3.439394760131835938e+01 9.034970283508300781e+00
9.781950378417968750e+01 -1.002880573272705078e+01 -4.735740661621093750e+01
2.781291770935058594e+01 2.166993713378906250e+01 4.017715072631835938e+01
-1.352193298339843750e+02 -1.650564575195312500e+01 -1.595657539367675781e+01
3.270746231079101562e+01 2.078247070312500000e+01 -6.856794738769531250e+01
5.344620227813720703e+00 -4.175645828247070312e+01 3.250454711914062500e+01
2.123734855651855469e+01 -1.517294025421142578e+01 -7.528270721435546875e+01
4.306112289428710938e+00 4.172419738769531250e+01 -3.475463867187500000e+00
8.453771972656250000e+01 -4.787055015563964844e+00 7.324939727783203125e+01
8.780372619628906250e+01 -1.930421257019042969e+01 6.687514495849609375e+01
2.518782997131347656e+01 1.500234603881835938e+00 -6.703417205810546875e+01
3.932598876953125000e+01 -8.123030662536621094e+00 -3.843340301513671875e+01
7.797932434082031250e+01 -9.728122711181640625e+00 6.296707153320312500e+00
6.114683914184570312e+01 6.695832824707031250e+01 -1.465525817871093750e+01
5.578047943115234375e+01 1.897998619079589844e+01 -6.703126525878906250e+01
5.693416595458984375e+01 3.044770812988281250e+01 4.494771575927734375e+01
2.027518033981323242e+00 -6.870047760009765625e+01 7.510519409179687500e+01
5.535664749145507812e+01 -2.746580696105957031e+01 3.021824264526367188e+01
6.133773326873779297e+00 7.645964813232421875e+01 -3.030905532836914062e+01
6.640737915039062500e+01 -5.991567230224609375e+01 3.232558059692382812e+01
2.831438827514648438e+01 -5.000143814086914062e+01 7.947318267822265625e+01
6.680743408203125000e+01 5.104101562500000000e+01 4.082582092285156250e+01
5.611651992797851562e+01 -1.112602233886718750e+01 -5.646681976318359375e+01
-3.570358276367187500e+00 8.065850067138671875e+01 6.307218074798583984e-01
6.326916503906250000e+01 3.205052185058593750e+01 1.111891555786132812e+01
7.873468875885009766e+00 -1.775923919677734375e+01 -1.132044494152069092e-01
1.009315567016601562e+02 3.775852966308593750e+01 1.709807777404785156e+01
8.206694793701171875e+01 -1.022251963615417480e+00 -7.918416595458984375e+01
2.669711494445800781e+01 -1.653187370300292969e+01 7.345524597167968750e+01
1.120928039550781250e+02 -1.484480667114257812e+01 -2.547775650024414062e+01
5.506595993041992188e+01 -2.622608757019042969e+01 -1.703170013427734375e+01
1.365507888793945312e+01 -1.775620651245117188e+01 -5.706707763671875000e+01
8.113256072998046875e+01 1.674486351013183594e+01 -7.589250946044921875e+01
3.566875839233398438e+01 -6.741143035888671875e+01 2.419229507446289062e+01
9.318186187744140625e+01 1.049358749389648438e+01 -1.614899873733520508e+00
5.949285125732421875e+01 4.900934696197509766e+00 -8.635345458984375000e+01
7.668247985839843750e+01 3.731165826320648193e-01 5.196242141723632812e+01
5.605983257293701172e+00 6.528929901123046875e+01 -4.437157154083251953e+00
3.849100875854492188e+01 -7.084301757812500000e+01 -3.528216552734375000e+01
1.136817169189453125e+02 5.587325668334960938e+01 2.550608634948730469e+01
1.576940631866455078e+01 3.847583770751953125e+01 5.352579879760742188e+01
6.718480587005615234e+00 2.664877176284790039e+00 -3.795642089843750000e+01
8.487500762939453125e+01 -3.662468719482421875e+01 -7.935044288635253906e+00
8.359717559814453125e+01 7.360378742218017578e+00 3.624783325195312500e+01
-1.063143444061279297e+01 6.038034439086914062e+01 -4.243647003173828125e+01
2.988628959655761719e+01 2.477139854431152344e+01 -5.556095123291015625e+01
8.930674743652343750e+01 6.536129474639892578e+00 5.968923568725585938e+01
2.226128005981445312e+01 -3.330268478393554688e+01 1.851998329162597656e+01
7.113695526123046875e+01 3.972324752807617188e+01 2.584884071350097656e+01
8.698205566406250000e+01 4.409090423583984375e+01 4.322924315929412842e-01
-1.001541614532470703e+01 9.183037567138671875e+01 -1.499176788330078125e+01
-1.704910278320312500e+01 5.866341781616210938e+01 -2.287268066406250000e+01
5.245138931274414062e+01 1.741976356506347656e+01 -2.342103385925292969e+01
8.462565612792968750e+01 3.762265014648437500e+01 1.383880138397216797e+01
2.493329620361328125e+01 -2.619757413864135742e+00 9.599008178710937500e+01
4.594581985473632812e+01 4.168771743774414062e+01 6.883061218261718750e+01
2.761456108093261719e+01 3.202233314514160156e+00 7.396052551269531250e+01
7.341023254394531250e+01 7.484871864318847656e+00 -3.549284744262695312e+01
1.955751991271972656e+01 3.103938674926757812e+01 -1.266957569122314453e+01
3.576062917709350586e+00 -3.321876144409179688e+01 1.245104408264160156e+01
2.128577613830566406e+01 -3.521910095214843750e+01 5.761328887939453125e+01
2.580039787292480469e+01 4.385439872741699219e+00 2.774734878540039062e+01
5.389040374755859375e+01 2.728095626831054688e+01 7.814308929443359375e+01
8.905013275146484375e+01 -3.137104988098144531e+01 1.489264678955078125e+01
7.507975006103515625e+01 -5.959480762481689453e+00 -3.455601501464843750e+01
1.362987709045410156e+01 -5.114168167114257812e+01 7.116262054443359375e+01
6.581967163085937500e+01 -9.199473381042480469e+00 -7.496005249023437500e+01
1.636736679077148438e+01 7.864330768585205078e+00 -7.759915924072265625e+01
5.828977966308593750e+01 -3.786682510375976562e+01 3.026732683181762695e+00
1.056290817260742188e+02 5.693864822387695312e+00 3.678062438964843750e+01
1.408836555480957031e+01 -2.617098617553710938e+01 8.607993316650390625e+01
8.469203186035156250e+01 1.542757129669189453e+01 1.912345123291015625e+01
5.254419708251953125e+01 -4.143743515014648438e+01 -8.474185943603515625e+00
9.492458343505859375e+01 -8.846109390258789062e+00 3.652124023437500000e+01
6.567101287841796875e+01 -4.157029342651367188e+01 -5.269448852539062500e+01
2.827421379089355469e+01 -1.690322875976562500e+01 2.298752403259277344e+01
1.430714797973632812e+01 -6.477802276611328125e+01 -1.789745807647705078e+00
-4.804617404937744141e+00 5.571261596679687500e+01 -2.775484848022460938e+01
4.339850234985351562e+01 -4.595380401611328125e+01 1.382038593292236328e+01
5.542596817016601562e+01 -3.144140625000000000e+01 5.709210968017578125e+01
6.251031875610351562e+01 -3.197990417480468750e+01 -4.713550186157226562e+01
9.616020202636718750e+01 1.650571250915527344e+01 5.936095809936523438e+01
9.971134948730468750e+01 1.903847312927246094e+01 2.028952217102050781e+01
1.011049365997314453e+01 2.141214561462402344e+01 6.497150421142578125e+01
2.214307212829589844e+01 -1.018225479125976562e+01 -1.043281364440917969e+01
9.049470520019531250e+01 -8.818691253662109375e+00 -1.046809864044189453e+01
7.626030731201171875e+01 -5.035329818725585938e+01 3.583817672729492188e+01
2.856049919128417969e+01 -1.516239833831787109e+01 -6.166099166870117188e+01
5.504835510253906250e+01 -1.363603878021240234e+01 7.582917022705078125e+01
3.757326889038085938e+01 5.692383193969726562e+01 -2.016229438781738281e+01
5.096787261962890625e+01 -4.395821762084960938e+01 3.140635681152343750e+01
1.816984367370605469e+01 2.721996879577636719e+01 -6.486083221435546875e+01
5.286135482788085938e+01 2.268929481506347656e+00 5.499620056152343750e+01
3.456380462646484375e+01 1.005136489868164062e+01 -5.583108520507812500e+01
4.938198471069335938e+01 2.854968070983886719e+00 7.127369689941406250e+01
1.341036987304687500e+02 1.852942810058593750e+02 2.977936706542968750e+02
4.556321716308593750e+01 3.240579986572265625e+01 -8.025892257690429688e+00
1.710433006286621094e+00 -3.678774261474609375e+01 4.671554183959960938e+01
6.260033798217773438e+01 6.561463928222656250e+01 -5.152189254760742188e+01
9.368572235107421875e+01 -1.829745292663574219e+01 1.271160507202148438e+01
9.133821868896484375e+01 2.384814834594726562e+01 -5.706531906127929688e+01
1.035508499145507812e+02 -1.950502872467041016e+00 -6.357030105590820312e+01
1.012508773803710938e+01 7.986338615417480469e+00 7.200141143798828125e+01
4.466412353515625000e+01 2.934195137023925781e+01 -1.919273567199707031e+01
7.441145324707031250e+01 -1.045687866210937500e+01 -8.616393280029296875e+01
3.475305938720703125e+01 -3.063340568542480469e+01 -7.541336822509765625e+01
-9.610549926757812500e+00 7.080383300781250000e+01 -1.248637580871582031e+01
1.190529785156250000e+02 1.937553596496582031e+01 -4.009390830993652344e+00
4.397371673583984375e+01 -9.712683677673339844e+00 -7.033190155029296875e+01
-1.157427597045898438e+01 4.227860260009765625e+01 -8.903470611572265625e+01
1.072811031341552734e+01 8.865135192871093750e+00 1.562847614288330078e+01
3.576148605346679688e+01 1.391106719970703125e+02 7.109455871582031250e+01
4.954745292663574219e+00 -9.532820701599121094e+00 2.023387718200683594e+01
2.496963500976562500e+02 -2.869721889495849609e+00 -3.870394945144653320e+00
-7.724511718750000000e+01 7.148474884033203125e+01 1.304857635498046875e+01
-5.587097644805908203e+00 3.256022644042968750e+01 8.386040496826171875e+01
-2.577410697937011719e+01 1.042003154754638672e+00 8.459881591796875000e+01
-8.852140045166015625e+01 1.669535827636718750e+01 -5.363848876953125000e+01
-3.096358871459960938e+01 1.428806662559509277e+00 -8.638749122619628906e+00
-4.735701751708984375e+01 -6.163228225708007812e+01 4.643833923339843750e+01
-8.761231231689453125e+01 -4.684776306152343750e+01 -4.404400289058685303e-02
-6.685151672363281250e+01 5.618616485595703125e+01 -3.142772102355957031e+01
-3.930384063720703125e+01 2.997885704040527344e+00 -2.954101181030273438e+01
-6.462734985351562500e+01 4.486128616333007812e+01 4.724867248535156250e+01
-6.496717834472656250e+01 1.497327041625976562e+01 -4.395673370361328125e+01
-1.076234588623046875e+02 2.030274391174316406e+01 9.724905014038085938e+00
-1.718521690368652344e+01 -4.847206497192382812e+01 -1.427781963348388672e+01
-5.548439788818359375e+01 -3.064822196960449219e+01 5.947866821289062500e+01
-6.340179824829101562e+01 3.362514114379882812e+01 1.065757083892822266e+01
-9.113367080688476562e+00 -5.287104606628417969e+00 -1.457867240905761719e+01
-2.204717445373535156e+01 -2.604372978210449219e+01 -6.587602996826171875e+01
-4.575198745727539062e+01 -4.042849731445312500e+01 3.370756149291992188e+01
-3.086688613891601562e+01 3.497127914428710938e+01 -7.715288543701171875e+01
-7.301320648193359375e+01 3.771880340576171875e+01 1.647593688964843750e+01
-4.674463653564453125e+01 3.570992279052734375e+01 8.679464340209960938e+00
-9.418624877929687500e+01 -3.834388732910156250e+01 5.377350997924804688e+01
-5.708144378662109375e+01 -4.991303253173828125e+01 1.500648784637451172e+01
-1.375881481170654297e+01 -4.660439300537109375e+01 4.120846748352050781e+00
-3.252610015869140625e+01 8.279976654052734375e+01 1.358255577087402344e+01
-1.119233169555664062e+02 6.441074371337890625e+00 4.447838783264160156e+00
-4.018084335327148438e+01 4.698693847656250000e+01 3.229888153076171875e+01
-5.744302749633789062e+01 2.184624671936035156e+01 -8.483441162109375000e+01
-5.037739562988281250e+01 3.512319183349609375e+01 4.051976013183593750e+01
-8.484098052978515625e+01 8.311421394348144531e+00 -6.346141433715820312e+01
-3.832683563232421875e+01 -3.175302124023437500e+01 -1.340557861328125000e+01
-3.109607124328613281e+01 -4.269962310791015625e+00 9.259877777099609375e+01
-3.661794281005859375e+01 3.138371849060058594e+01 -2.625593376159667969e+01
1.677414894104003906e+01 9.143695068359375000e+01 2.158492660522460938e+01
-7.479927539825439453e+00 1.375498890876770020e+00 -8.488870239257812500e+01
-2.388631820678710938e+01 -6.792499542236328125e+00 5.133148956298828125e+01
-2.476629066467285156e+01 3.827326965332031250e+01 4.760778808593750000e+01
-4.537985992431640625e+01 -3.474622344970703125e+01 1.258942508697509766e+01
-8.063164520263671875e+01 7.260673522949218750e+01 2.997728157043457031e+01
-4.585630416870117188e+01 -2.841521978378295898e+00 1.669345051050186157e-01
-2.512108039855957031e+01 -7.949140167236328125e+01 -3.902658081054687500e+01
-3.402205276489257812e+01 -2.453819274902343750e+00 -1.001418533325195312e+02
4.152640914916992188e+01 -1.978887176513671875e+01 9.825830841064453125e+01
-6.377154922485351562e+01 -5.174402713775634766e+00 -1.553079319000244141e+01
-9.851770019531250000e+01 -1.031922245025634766e+01 5.976694869995117188e+01
-6.558333587646484375e+01 -2.808365058898925781e+01 -5.818316650390625000e+01
-2.379684829711914062e+01 -2.157747459411621094e+01 7.304031372070312500e+01
1.740919303894042969e+01 5.062836456298828125e+01 7.878578186035156250e+01
6.906912803649902344e+00 -7.096811676025390625e+01 -3.696644973754882812e+01
-8.126027679443359375e+01 -1.633430004119873047e+00 -4.034366226196289062e+01
-4.118310165405273438e+01 -6.917935180664062500e+01 2.327925682067871094e+00
-6.381040954589843750e+01 -2.145169448852539062e+01 3.864125823974609375e+01
5.175225734710693359e+00 -4.839761734008789062e+01 -8.496619415283203125e+01
-6.783760833740234375e+01 -1.845239257812500000e+01 -2.043927574157714844e+01
-3.916294860839843750e+01 5.962859344482421875e+01 -3.901579284667968750e+01
-2.156385612487792969e+01 -1.464384746551513672e+01 3.096412086486816406e+01
-2.334605216979980469e+01 4.288845062255859375e+01 -1.028897857666015625e+01
-5.862891006469726562e+01 2.002518463134765625e+01 -2.244436264038085938e+01
-1.015901794433593750e+02 2.944383621215820312e-01 4.590364074707031250e+01
-5.641146469116210938e+01 5.219689178466796875e+01 6.352898025512695312e+01
-7.069274902343750000e+01 3.731453704833984375e+01 -1.829472160339355469e+01
-7.539510345458984375e+01 7.016295433044433594e+00 8.657659149169921875e+01
-2.245143890380859375e+01 -4.337221145629882812e+01 -8.893446350097656250e+01
-2.115290260314941406e+01 -4.973401641845703125e+01 3.585738754272460938e+01
-7.366721343994140625e+01 4.770395278930664062e+01 3.475189208984375000e+01
-5.480545043945312500e+01 -4.509071350097656250e+01 4.681698226928710938e+01
-1.235775222778320312e+02 -1.474306732416152954e-01 5.121209144592285156e+00
-5.156674957275390625e+01 3.247145080566406250e+01 -9.810403823852539062e+00
3.698267745971679688e+01 3.996269464492797852e+00 1.073262023925781250e+01
-7.942729187011718750e+01 -4.474991989135742188e+01 1.491857528686523438e+01
-6.861514282226562500e+01 2.828382873535156250e+01 6.628170013427734375e+01
-1.096252155303955078e+01 -4.897840118408203125e+01 -3.263910675048828125e+01
-1.089684963226318359e+01 -7.021123886108398438e+00 -7.545478820800781250e+01
-3.112198257446289062e+01 3.468720245361328125e+01 3.063419914245605469e+01
-2.115752410888671875e+01 -5.292277908325195312e+01 -8.665557098388671875e+01
-1.308705997467041016e+01 -6.558979797363281250e+01 -3.179847955703735352e+00
-6.361765289306640625e+01 -6.576923370361328125e+01 -5.783867835998535156e+00
-4.201394271850585938e+01 -4.232746505737304688e+01 -2.807856178283691406e+01
-2.956415557861328125e+01 4.872068405151367188e+01 8.596540069580078125e+01
-3.781571960449218750e+01 7.263288879394531250e+01 -2.201868772506713867e+00
-1.746179580688476562e+01 -1.463807201385498047e+01 -2.912788391113281250e+01
-3.901515579223632812e+01 -2.680094909667968750e+01 3.230978775024414062e+01
-5.753206634521484375e+01 -5.375393295288085938e+01 -2.249382019042968750e+01
-5.706354141235351562e+01 -3.066054534912109375e+01 7.931290864944458008e-01
-9.371124267578125000e+00 -2.016712379455566406e+01 -4.471073532104492188e+01
-6.172740554809570312e+01 -4.477733671665191650e-01 1.393351840972900391e+01
-1.239063110351562500e+02 6.894535064697265625e+00 -8.522260665893554688e+00
-7.782053375244140625e+01 4.554316711425781250e+01 6.232460021972656250e+01
-4.298429107666015625e+01 3.041252136230468750e+00 7.178186798095703125e+01
-5.644608306884765625e+01 -4.598711776733398438e+01 -3.316727066040039062e+01
6.289426422119140625e+01 7.995096588134765625e+01 3.989711380004882812e+01
7.924256134033203125e+01 7.298886871337890625e+01 4.022994232177734375e+01
-8.244289398193359375e+01 -2.619411087036132812e+01 -1.135662174224853516e+01
-1.171531486511230469e+01 -2.705240964889526367e+00 -4.092308807373046875e+01
-9.294912719726562500e+01 7.619505310058593750e+01 9.343177795410156250e+00
-7.444136047363281250e+01 3.922456204891204834e-01 1.239079952239990234e+01
-3.127253532409667969e+01 -7.550070190429687500e+01 -2.869657897949218750e+01
-2.215479087829589844e+01 7.164405059814453125e+01 3.525306701660156250e+01
-8.000499725341796875e+01 -3.864439010620117188e+01 -3.219260787963867188e+01
-7.472789764404296875e+00 -8.618781280517578125e+01 4.183138275146484375e+01
-8.675838470458984375e+01 6.646192932128906250e+01 1.147751712799072266e+01
-6.421183013916015625e+01 -1.460503101348876953e+01 -6.932931518554687500e+01
-2.277041625976562500e+01 -5.975189208984375000e+01 3.938032090663909912e-01
-4.927138519287109375e+01 -2.186147689819335938e+01 4.918910217285156250e+01
-4.715246582031250000e+01 2.043922805786132812e+01 1.588603138923645020e+00
-5.527033233642578125e+01 5.117607593536376953e+00 -5.230432510375976562e+01
-2.697289276123046875e+01 -5.426843643188476562e+01 6.269334030151367188e+01
-1.204424762725830078e+01 2.986836051940917969e+01 -3.073101615905761719e+01
8.985899388790130615e-02 -9.352928161621093750e+01 -1.125158023834228516e+01
-6.118474578857421875e+01 2.412163162231445312e+01 6.093539047241210938e+01
-2.405478668212890625e+01 6.244911956787109375e+01 2.478977775573730469e+01
-1.014947967529296875e+02 2.222459793090820312e+00 5.287491798400878906e+00
-8.497161102294921875e+01 -6.948649883270263672e+00 5.338682174682617188e+01
-7.442853450775146484e+00 2.323472023010253906e+01 -1.501070690155029297e+01
-6.090964126586914062e+01 -2.660065460205078125e+01 -7.145557403564453125e+01
3.450789642333984375e+01 3.671227216720581055e+00 -1.426096320152282715e+00
-1.314032897949218750e+02 1.013750284910202026e-01 2.484033393859863281e+01
-4.056974411010742188e+00 -2.186231231689453125e+01 -2.899030303955078125e+01
-6.642938995361328125e+01 -3.570288848876953125e+01 -6.919865417480468750e+01
-1.440780925750732422e+01 -5.653021240234375000e+01 6.026959609985351562e+01
-1.297315673828125000e+02 7.673625469207763672e+00 1.108968830108642578e+01
-9.607719421386718750e+01 1.590798187255859375e+01 5.217741012573242188e+01
-9.767560577392578125e+01 -2.437547492980957031e+01 -1.952655410766601562e+01
-1.768917655944824219e+01 1.239383697509765625e+01 1.125988769531250000e+01
-3.903491592407226562e+01 -9.434891510009765625e+01 -1.142899131774902344e+01
-7.734611511230468750e+01 -4.574142456054687500e+00 -7.004640197753906250e+01
-7.565555572509765625e+01 -1.933186912536621094e+01 2.555453491210937500e+01
-7.519895172119140625e+01 6.694905090332031250e+01 4.382960128784179688e+01
-1.276611328125000000e+00 6.998848724365234375e+01 2.467516326904296875e+01
-3.280466461181640625e+01 -9.287485504150390625e+01 1.211726570129394531e+01
-4.177212524414062500e+01 4.776646041870117188e+01 -1.023223400115966797e+00
-7.025796508789062500e+01 5.410953521728515625e+01 4.942368316650390625e+01
-3.799917221069335938e+01 -5.743981552124023438e+01 -5.208560943603515625e+01
-2.011370086669921875e+01 -3.571074008941650391e+00 -2.536040687561035156e+01
-3.605893611907958984e+00 3.892841339111328125e+01 3.227397537231445312e+01
-1.800669479370117188e+01 -4.818438720703125000e+01 -4.109323120117187500e+01
-2.616368865966796875e+01 -3.451281356811523438e+01 -5.556591796875000000e+01
-1.791845321655273438e+00 -6.894830322265625000e+01 -2.794015693664550781e+01
-2.916625595092773438e+01 3.476613616943359375e+01 9.227039337158203125e+01
-1.364436721801757812e+01 -6.593077850341796875e+01 1.233108043670654297e+01
-1.600595474243164062e+01 1.141028404235839844e+01 6.787183380126953125e+01
-3.120245361328125000e+01 -4.744503021240234375e+01 -2.385841131210327148e+00
-1.962592697143554688e+01 5.002127075195312500e+01 3.957698059082031250e+01
-2.733531570434570312e+01 -4.291710662841796875e+01 4.665376281738281250e+01
-7.736827087402343750e+01 -4.951703071594238281e+00 -1.401241683959960938e+01
-1.293651199340820312e+01 -6.788149261474609375e+01 -6.502092742919921875e+01
-3.872817993164062500e+01 -6.208884429931640625e+01 6.883387756347656250e+01
-7.121285247802734375e+01 -3.487332153320312500e+01 8.454463958740234375e+01
-3.327481842041015625e+01 -6.825566101074218750e+01 -4.222356414794921875e+01
-4.755150604248046875e+01 -7.748825836181640625e+01 -7.617723083496093750e+01
7.469061851501464844e+00 -3.571813583374023438e+01 -3.563894271850585938e+01
-5.130250930786132812e+01 6.655868530273437500e+01 2.925912666320800781e+01
-3.447290802001953125e+01 -7.018556976318359375e+01 2.721803092956542969e+01
-6.227965545654296875e+01 -5.899829864501953125e+01 2.661356735229492188e+01
-3.465824127197265625e+01 7.093239593505859375e+01 8.398529052734375000e+00
-8.639731597900390625e+01 -5.583939361572265625e+01 -1.052030086517333984e+01
-4.348824310302734375e+01 5.529336929321289062e+01 -6.977996826171875000e+01
-6.290915489196777344e+00 -3.048599624633789062e+01 -4.161323547363281250e+01
-5.702220916748046875e+01 -1.377879047393798828e+01 -2.410701036453247070e+00
1.548175239562988281e+01 7.228088378906250000e+01 5.149855041503906250e+01
-6.089598083496093750e+01 -5.438416671752929688e+01 4.814752197265625000e+01
-7.769592285156250000e+01 4.445380020141601562e+01 -3.600048446655273438e+01
-4.659868621826171875e+01 8.238130187988281250e+01 1.724574863910675049e-01
-3.127981376647949219e+01 -2.875955581665039062e+01 -2.413381576538085938e+01
-1.099381160736083984e+01 1.689990425109863281e+01 3.885039901733398438e+01
-1.497456359863281250e+01 1.677463912963867188e+01 -3.165279388427734375e+01
-5.541441726684570312e+01 -2.608009529113769531e+01 1.794976234436035156e+01
-5.090885543823242188e+01 2.157014274597167969e+01 1.021720046997070312e+02
-1.014596557617187500e+01 -1.249890041351318359e+01 -3.140697240829467773e+00
-1.066776466369628906e+01 3.801559066772460938e+01 2.539309501647949219e+01
-9.573574829101562500e+01 -2.968917846679687500e+01 2.550348281860351562e+01
-5.561695098876953125e+01 3.969031906127929688e+01 2.513874053955078125e+01
7.943218231201171875e+00 -3.430794525146484375e+01 -8.182943725585937500e+01
-1.651862144470214844e+01 9.659362792968750000e+00 -1.698302078247070312e+01
-3.248182678222656250e+01 -5.602778244018554688e+01 -1.213175392150878906e+01
-6.154204177856445312e+01 1.282002925872802734e+01 -1.582871794700622559e+00
-6.534160614013671875e+01 6.434551239013671875e+01 -3.982461166381835938e+01
-5.928972625732421875e+01 -3.270838165283203125e+01 -1.982472229003906250e+01
-4.980017852783203125e+01 -3.336822128295898438e+01 -7.487918090820312500e+01
-4.407752609252929688e+01 4.577337265014648438e+00 5.934096527099609375e+01
-4.080941390991210938e+01 5.828045272827148438e+01 -2.781069564819335938e+01
-4.656893920898437500e+01 4.148407363891601562e+01 -4.714321517944335938e+01
-6.480446624755859375e+01 -1.728832435607910156e+01 -8.211546325683593750e+01
-4.787304687500000000e+01 1.825595474243164062e+01 -4.590137481689453125e+01
-2.974887657165527344e+01 -1.545512008666992188e+01 -1.333510684967041016e+01
-1.088244152069091797e+01 1.863543891906738281e+01 -5.897765731811523438e+01
-6.970709991455078125e+01 -3.864263916015625000e+01 -1.114176940917968750e+01
-2.307881546020507812e+01 4.528823471069335938e+01 1.674428367614746094e+01
-4.945765304565429688e+01 -9.334963226318359375e+01 -2.109022521972656250e+01
5.958929061889648438e+00 -5.161112594604492188e+01 -6.423960876464843750e+01
-3.101383399963378906e+01 -4.654410552978515625e+01 7.603024291992187500e+01
-6.965922546386718750e+01 3.168540382385253906e+01 4.106329345703125000e+01
-4.139698791503906250e+01 -2.227396583557128906e+01 1.384651851654052734e+01
-9.319644165039062500e+01 6.419058799743652344e+00 -4.057509613037109375e+01
-7.118111419677734375e+01 -2.650533485412597656e+01 -5.721024513244628906e+00
4.011511325836181641e+00 2.123414039611816406e+01 1.088995513916015625e+02
-2.333024024963378906e+01 1.329923057556152344e+01 2.650049972534179688e+01
-4.532741928100585938e+01 5.397960662841796875e+00 3.618857192993164062e+01
-6.185006332397460938e+01 -7.279461383819580078e+00 -3.143938827514648438e+01
-8.627429962158203125e+01 4.961659240722656250e+01 -2.786527252197265625e+01
-4.386565780639648438e+01 -3.509597015380859375e+01 4.287962722778320312e+01
-1.694606781005859375e+01 -2.552355003356933594e+01 -3.507920455932617188e+01
-8.469267272949218750e+01 6.927119445800781250e+01 -4.505359172821044922e+00
-1.713548660278320312e+01 1.336287975311279297e+01 5.776258468627929688e+01
-1.754371070861816406e+01 -2.043327140808105469e+01 1.221343612670898438e+01
-5.233501052856445312e+01 4.717378997802734375e+01 9.074990844726562500e+01
-5.093204498291015625e+00 2.657612609863281250e+01 8.816984176635742188e+00
-7.052532958984375000e+01 -2.301683616638183594e+01 5.965835189819335938e+01
-8.351264190673828125e+01 3.897923278808593750e+01 5.538875198364257812e+01
-5.718529891967773438e+01 -4.889897155761718750e+01 -6.504561614990234375e+01
-9.936579132080078125e+01 -1.640806579589843750e+01 1.116339111328125000e+01
-2.086258125305175781e+01 2.586256027221679688e+00 9.492829895019531250e+01
-9.472135925292968750e+01 5.845484924316406250e+01 1.409849357604980469e+01
-7.203215789794921875e+01 -4.172241210937500000e+01 4.409897232055664062e+01
-1.656268882751464844e+01 -8.114556884765625000e+01 -5.379811859130859375e+01
-1.203625488281250000e+01 1.318274617195129395e+00 -4.414860606193542480e-01
-9.050851440429687500e+01 -9.671310424804687500e+00 6.743508148193359375e+01
-5.160947418212890625e+01 -1.388624286651611328e+01 -7.900090789794921875e+01
-8.388863372802734375e+01 1.597499561309814453e+01 2.266756629943847656e+01
-1.195725326538085938e+02 -7.744233608245849609e-01 1.739652061462402344e+01
5.911923885345458984e+00 -6.199765014648437500e+01 -2.672474098205566406e+01
-6.484595489501953125e+01 1.898958015441894531e+01 2.321394729614257812e+01
-2.868769264221191406e+01 -3.117640495300292969e+01 3.112419891357421875e+01
-2.712887191772460938e+01 -1.216359996795654297e+01 -9.657823181152343750e+01
-4.706899642944335938e+01 -1.558178138732910156e+01 -3.061124801635742188e+01
-4.709802627563476562e+01 6.146622467041015625e+01 4.970840454101562500e+01
-1.002329635620117188e+02 -1.728493690490722656e+01 -2.707158851623535156e+01
-2.118434600830078125e+02 -8.590256690979003906e+00 -2.149463653564453125e+01
-9.885185241699218750e+01 -3.226115417480468750e+01 -3.329648208618164062e+01
-4.214377975463867188e+01 -4.947712898254394531e+00 1.080702285766601562e+02
-3.511454343795776367e+00 -9.537885284423828125e+01 -2.181793212890625000e+01
-9.635724639892578125e+01 1.266236782073974609e+01 6.195132446289062500e+01
-1.006723175048828125e+02 -3.143618392944335938e+01 1.287974071502685547e+01
-3.576674270629882812e+01 -5.345387268066406250e+01 1.957899856567382812e+01
-7.968312835693359375e+01 6.985072135925292969e+00 4.617329406738281250e+01
-9.340468406677246094e+00 -7.449532318115234375e+01 -7.593527221679687500e+01
-4.545447158813476562e+01 1.162217521667480469e+01 7.642299652099609375e+00
-6.823101806640625000e+01 -3.814710617065429688e+01 -8.312813568115234375e+01
-1.034068298339843750e+02 -2.030740165710449219e+01 -3.372714042663574219e+00
4.292865753173828125e+01 -1.119615936279296875e+02 6.382160568237304688e+01
-3.087150812149047852e+00 1.351478004455566406e+01 -2.405722045898437500e+01
-2.944371223449707031e+01 -9.368608856201171875e+01 -1.241145849227905273e+00
-7.235155582427978516e+00 -9.059865570068359375e+01 3.290532684326171875e+01
-4.427530670166015625e+01 -2.905532646179199219e+01 9.221177673339843750e+01
-3.287610626220703125e+01 3.752901077270507812e+01 7.871508026123046875e+01
-8.543556976318359375e+01 3.857656478881835938e+01 -2.802617263793945312e+01
-5.505913925170898438e+01 4.910355758666992188e+01 -7.038482666015625000e+01
-3.754251480102539062e+01 4.936244583129882812e+01 -4.340177536010742188e+01
-4.320205307006835938e+01 -1.049863243103027344e+01 4.239102935791015625e+01
-3.049255371093750000e+01 4.035729980468750000e+01 -4.861117172241210938e+01
-7.914270019531250000e+01 3.413140106201171875e+01 4.476236343383789062e+00
-5.622354125976562500e+01 2.176653480529785156e+01 -5.146149063110351562e+01
-5.339104843139648438e+01 1.070580863952636719e+01 -1.907368469238281250e+01
-2.624660110473632812e+01 -1.090831089019775391e+01 7.845876216888427734e+00
-6.419892883300781250e+01 3.966005563735961914e+00 4.624410629272460938e+01
-5.413416290283203125e+01 -4.663905143737792969e+00 7.718973541259765625e+01
-4.172001647949218750e+01 2.878620529174804688e+01 9.639411163330078125e+01
-5.673645019531250000e+01 -1.910467720031738281e+01 -1.702485656738281250e+01
-7.024755096435546875e+01 -6.687073230743408203e+00 2.431015205383300781e+01
-1.300575447082519531e+01 3.351000595092773438e+01 5.864334106445312500e+01
-1.017409667968750000e+02 -6.515002727508544922e+00 -3.307131958007812500e+01
-3.965719604492187500e+01 -1.946422767639160156e+01 5.839997863769531250e+01
-3.451124191284179688e+01 2.490861415863037109e+00 8.680468559265136719e+00
-4.677475357055664062e+01 2.528985023498535156e+01 2.685321617126464844e+01
-5.945969772338867188e+01 -5.445478820800781250e+01 -2.464289188385009766e+00
-6.957353210449218750e+01 -4.367987060546875000e+01 -3.564964294433593750e+01
-6.859892272949218750e+01 -1.724902915954589844e+01 5.435789585113525391e+00
-5.841790771484375000e+01 5.104953765869140625e+01 1.295129203796386719e+01
-4.478635025024414062e+01 2.850363349914550781e+01 8.483094787597656250e+01
-9.967300415039062500e+01 6.277405261993408203e+00 -5.670867919921875000e+01
9.876458168029785156e+00 9.559300231933593750e+01 2.859742164611816406e+01
1.963944244384765625e+01 7.806761932373046875e+01 5.855965423583984375e+01
-5.272076034545898438e+01 3.205779647827148438e+01 -2.374998283386230469e+01
-3.622394943237304688e+01 2.675673866271972656e+01 1.288444328308105469e+01
-1.969750404357910156e+01 3.110030555725097656e+01 -5.538529968261718750e+01
-8.968090057373046875e+01 1.277212333679199219e+01 -3.180089378356933594e+01
-2.850008201599121094e+01 9.359276771545410156e+00 -7.046758270263671875e+01
-3.713154220581054688e+01 2.779013061523437500e+01 7.586430358886718750e+01
-6.730308532714843750e+01 -3.757136535644531250e+01 3.530395126342773438e+01
-2.447460937500000000e+01 4.951024246215820312e+01 5.871946334838867188e+01
-8.003679656982421875e+01 1.507251262664794922e+01 -4.934870243072509766e+00
-4.494769668579101562e+01 -1.041251564025878906e+01 2.261789321899414062e+01
-8.274559020996093750e+01 -3.234811401367187500e+01 8.304180145263671875e+00
-3.733445739746093750e+01 2.157771682739257812e+01 -6.691985130310058594e+00
-4.456051635742187500e+01 5.585358810424804688e+01 1.863659095764160156e+01
1.179717636108398438e+01 2.747523803710937500e+02 -8.385021972656250000e+01
-7.606752014160156250e+01 -2.179037857055664062e+01 -7.299350738525390625e+01
-1.956136894226074219e+01 6.956253945827484131e-02 2.169743347167968750e+01
-1.326275920867919922e+01 -5.814706420898437500e+01 9.376606750488281250e+01
-4.297821998596191406e+00 -5.876185226440429688e+01 -6.549913024902343750e+01
-9.698410797119140625e+01 -8.228331565856933594e+00 2.282602310180664062e+01
-3.519048309326171875e+01 -2.162127876281738281e+01 -5.379489135742187500e+01
-6.061097717285156250e+01 -5.955445861816406250e+01 1.191685771942138672e+01
-2.234544372558593750e+01 -2.631749725341796875e+01 -1.291954612731933594e+01
-5.550089836120605469e+00 -7.553068542480468750e+01 7.962670803070068359e+00
-5.031874084472656250e+01 -3.809366607666015625e+01 -3.941724777221679688e+01
1.700127410888671875e+01 -7.585520935058593750e+01 3.345305633544921875e+01
-9.503874206542968750e+01 -4.082081222534179688e+01 1.392001438140869141e+01
-1.611710739135742188e+01 -8.843290710449218750e+01 -3.998254013061523438e+01
-4.431106948852539062e+01 -4.488971328735351562e+01 -7.167324066162109375e+01
-5.395065307617187500e+01 5.035297393798828125e+01 3.899069976806640625e+01
-3.633451843261718750e+01 2.052851486206054688e+01 -7.411725616455078125e+01
-7.415575408935546875e+01 -9.519240260124206543e-01 5.592195892333984375e+01
1.765872764587402344e+01 6.224998855590820312e+01 3.969126892089843750e+01
-1.167117977142333984e+01 -4.142161560058593750e+01 -8.793590545654296875e+00
-2.121579551696777344e+01 -1.077189331054687500e+02 -3.178926467895507812e+01
-1.986590766906738281e+01 6.318867206573486328e+00 3.553199005126953125e+01
-1.258167343139648438e+02 -1.262122154235839844e+01 1.518756389617919922e+01
-3.226177215576171875e+01 4.599924850463867188e+01 9.919348907470703125e+01
-1.820698928833007812e+01 -3.667604446411132812e+01 2.270660209655761719e+01
-2.756074523925781250e+01 -1.047589950561523438e+02 -3.725419282913208008e+00
-2.953386497497558594e+01 -5.308801174163818359e+00 2.755682563781738281e+01
-5.351804351806640625e+01 6.565167236328125000e+01 -1.108224487304687500e+01
-1.051356811523437500e+02 1.113699054718017578e+01 1.626314544677734375e+01
-6.167303466796875000e+01 4.976433181762695312e+01 1.658953189849853516e+00
-2.053038024902343750e+01 3.654774856567382812e+01 -2.923416852951049805e+00
-5.394721984863281250e+01 6.437857055664062500e+01 -7.139925384521484375e+01
-7.669548988342285156e+00 1.426736164093017578e+01 2.473970031738281250e+01
-1.003634796142578125e+02 -4.516906738281250000e+01 4.908318328857421875e+01
